55 40
960 1
62 50
425 73
1024 0
1024 0
416 2
184 7
200 67
930 18
376 17
1000 2
898 27
24 36
248 4
1022 1
161 69
1024 0
10 9
313 59
19 25
35 35
834 33
188 50
81 44
911 17
512 0
1018 2
50 35
565 77
482 82
37 34
253 74
349 69
478 50
746 33
36 33
284 88
1024 0
1024 0
71 52
17 40
10 28
54 38
1 0
265 8
49 16
243 80
137 51
336 5
121 39
1024 0
476 68
816 26
41 39
135 54
1024 0
308 71
5 3
30 38
234 7
973 7
1024 0
930 14
227 32
309 44
719 54
13 16
489 88
1024 0
1013 3
191 78
48 3
338 94
85 73
892 10
1024 0
92 64
1024 0
92 42
535 71
177 47
404 70
896 1
100 64
905 26
790 50
431 71
10 11
42 34
57 38
106 73
46 39
814 28
858 28
1 0
427 52
995 7
30 34
59 38
204 38
104 48
983 9
213 68
865 16
512 0
124 59
479 30
986 9
21 38
87 63
583 52
971 16
13 34
2 8
34 18
1000 4
243 76
178 72
400 89
128 79
70 37
64 0
1024 0
1024 0
11 14
723 53
365 40
9 14
684 46
512 0
16 0
8 3
83 50
67 62
23 35
33 35
302 108
123 59
114 17
1024 0
36 8
1024 0
5 6
1024 0
1024 0
1024 0
1024 0
582 45
538 70
36 35
1009 2
162 65
1017 2
2 0
48 33
569 14
611 52
570 60
2 10
1003 3
1018 2
165 43
76 60
192 1
178 63
75 39
153 24
20 15
63 34
1024 0
15 19
357 65
81 54
1024 0
1008 1
339 68
205 73
1010 3
1 0
565 46
794 40
63 47
940 25
1024 0
7 10
21 15
1024 0
1024 0
584 69
1016 1
149 53
65 10
974 10
500 67
1014 2
1024 0
292 93
970 11
161 73
874 26
997 7
256 0
1024 0
196 8
311 88
951 13
655 39
1024 0
518 80
9 21
903 13
70 49
123 52
912 20
698 37
186 70
82 34
721 53
586 67
21 2
1024 0
82 56
3 9
817 14
640 2
56 43
6 8
1024 0
156 70
207 72
349 78
307 90
730 51
44 36
72 37
147 47
145 71
641 68
5 3
772 34
151 38
89 79
145 64
659 21
1020 1
216 69
85 45
32 0
856 25
1006 4
1024 0
1024 0
594 64
620 75
280 84
354 56
147 64
55 37
8 2
537 58
256 0
881 31
927 28
20 27
965 15
7 7
909 12
506 79
71 51
28 35
1024 0
35 25
4 0
1 0
1024 0
837 34
10 8
1024 0
59 42
101 54
1024 0
96 76
759 19
370 93
160 69
1024 0
864 2
22 36
42 35
469 68
308 55
104 9
36 23
249 47
115 74
141 74
990 6
1024 0
1024 0
15 42
1022 1
333 10
119 72
448 80
128 0
134 64
933 21
330 96
490 28
26 35
76 11
14 26
252 4
23 27
398 91
842 15
877 27
141 71
18 40
78 53
36 33
8 4
922 6
234 63
32 0
37 34
213 77
308 99
505 68
61 16
1024 0
4 0
4 0
1024 0
344 38
981 9
1 0
488 88
860 27
17 30
188 67
63 41
28 35
222 75
1024 0
1024 0
26 36
87 79
157 61
61 53
8 2
936 7
138 68
618 66
634 65
825 45
617 69
60 36
18 24
1024 0
1024 0
1024 0
1024 0
824 7
845 41
159 67
2 3
155 61
64 40
8 2
956 16
591 64
366 74
1024 0
15 9
1024 0
5 3
43 33
18 2
151 70
74 53
4 2
943 10
930 16
342 91
404 84
464 76
168 74
1020 1
28 36
111 54
1024 0
34 31
180 69
11 11
104 68
2 2
72 40
462 72
902 22
117 62
104 74
32 34
838 19
79 26
68 58
1024 0
12 26
411 60
464 72
191 73
1024 0
1006 4
21 37
169 58
803 47
481 76
25 32
101 82
26 37
175 71
988 5
213 31
43 36
282 38
389 77
512 0
531 63
945 5
1024 0
1024 0
374 86
1024 0
116 62
978 8
961 15
1016 1
143 26
171 62
170 70
1020 1
2 6
987 13
85 86
1024 0
6 3
265 68
1024 0
820 3
1024 0
272 11
117 70
1012 2
35 20
1024 0
394 49
331 30
32 35
948 8
3 9
38 34
855 29
49 36
830 21
426 83
27 34
524 73
40 29
163 36
100 41
48 39
342 61
980 3
12 20
981 7
96 1
1024 0
89 41
999 6
70 55
7 5
242 74
714 53
442 79
592 6
768 1
39 37
70 43
1024 0
1024 0
1024 0
172 60
183 58
316 65
960 1
477 76
12 3
608 74
219 58
70 78
997 5
1004 2
920 17
584 28
13 34
230 57
976 2
992 1
902 19
23 38
32 0
1024 0
1000 2
771 43
873 14
789 44
212 85
5 3
256 0
34 33
179 64
29 29
1024 0
203 72
582 71
21 37
45 33
76 65
1024 0
506 68
1017 3
39 34
390 80
394 80
126 64
362 82
138 78
1024 0
1012 2
735 58
61 42
98 72
23 35
25 36
726 41
672 5
79 58
915 24
778 11
100 73
252 90
56 34
987 7
752 41
198 61
5 3
96 76
59 17
156 71
90 36
257 34
536 34
119 79
1002 3
802 29
983 10
1024 0
1024 0
7 7
764 37
224 1
1024 0
729 56
176 24
5 7
820 26
26 21
108 68
1024 0
35 31
677 26
217 68
60 19
886 28
953 15
1024 0
608 4
1024 0
1024 0
775 52
1010 3
37 36
128 0
409 68
951 15
438 43
37 31
506 65
27 36
223 71
1024 0
43 39
1024 0
987 11
60 50
764 11
165 72
148 70
998 8
966 12
910 12
1019 2
1024 0
399 77
960 1
568 61
39 31
236 83
1024 0
181 62
812 45
521 87
1024 0
1024 0
994 4
2 3
1024 0
49 39
251 71
1024 0
19 29
21 31
228 50
331 77
8 0
341 60
11 27
206 68
145 45
741 24
781 47
4 0
381 82
91 66
41 35
950 10
717 58
6 1
54 54
992 3
17 23
1007 4
26 35
103 52
72 2
227 75
162 33
10 4
91 84
323 73
34 34
479 73
14 20
1024 0
546 31
388 82
23 37
1006 2
1024 0
1024 0
860 31
24 37
7 5
1016 3
598 74
640 2
1024 0
4 0
1024 0
508 20
924 6
836 39
196 11
120 36
36 33
44 35
967 13
1024 0
30 3
854 34
813 33
1024 0
349 74
408 5
974 7
641 61
30 33
212 64
307 70
550 72
32 36
1 0
404 10
295 43
245 68
322 76
355 89
50 35
329 88
1024 0
835 19
616 64
1024 0
33 18
996 3
176 65
543 71
1024 0
691 50
5 5
2 10
992 1
64 0
1020 1
1024 0
1024 0
1024 0
249 81
300 100
377 75
1024 0
909 25
488 10
23 36
1024 0
924 7
412 62
28 34
15 42
876 26
704 8
456 88
1022 1
916 13
248 89
887 13
1024 0
85 48
1024 0
64 0
1024 0
840 30
56 51
986 7
91 35
35 34
686 62
29 34
84 13
653 30
156 64
11 21
256 0
960 1
53 37
24 37
40 38
28 16
974 8
489 75
36 36
302 82
718 55
622 71
83 49
608 66
1008 1
1024 0
153 59
1024 0
230 76
698 10
1024 0
76 68
754 42
90 62
1024 0
1024 0
82 52
238 21
68 53
65 56
74 56
4 0
47 35
1024 0
1024 0
196 67
147 72
984 2
549 74
184 64
844 34
929 26
1024 0
56 44
437 50
8 15
211 68
555 66
126 73
581 42
48 1
658 49
21 38
149 41
103 67
777 49
952 4
811 27
19 21
41 33
174 26
167 62
100 63
1024 0
352 46
97 34
274 38
860 26
118 68
7 12
962 15
131 75
382 93
772 9
62 42
583 57
1024 0
822 31
91 79
654 75
553 74
24 3
1024 0
160 70
74 41
1024 0
17 13
8 2
1024 0
830 12
839 27
952 4
9 16
408 66
163 62
293 59
1024 0
158 66
136 68
86 72
317 72
690 56
248 16
654 12
57 30
313 70
1024 0
796 42
588 57
162 66
1024 0
104 72
47 34
982 6
386 53
819 37
101 60
2 10
156 22
2 10
960 3
400 17
608 5
685 32
881 22
130 10
468 15
67 35
95 75
113 75
153 70
60 44
512 0
137 75
1024 0
215 82
1024 0
928 2
428 8
480 66
440 59
1016 1
117 52
13 21
269 70
1024 0
41 24
64 48
9 7
102 66
838 38
323 53
66 59
3 9
904 26
706 64
8 15
83 67
50 38
975 14
20 39
1024 0
1024 0
12 14
1024 0
23 39
1024 0
95 49
64 0
745 30
426 50
867 17
400 5
53 51
42 27
247 69
997 5
1010 3
5 3
74 38
1024 0
696 50
876 25
132 26
44 36
1024 0
80 2
2 0
1024 0
110 63
4 0
320 81
371 81
171 33
792 10
219 36
1024 0
1024 0
29 34
68 49
693 37
13 29
1007 5
283 69
1005 4
1024 0
37 13
73 53
264 7
55 38
92 55
1024 0
1024 0
20 22
80 2
473 76
535 22
31 32
143 73
1024 0
106 87
864 4
128 69
1021 2
39 38
249 99
24 32
896 1
60 24
1020 1
1024 0
924 18
1024 0
115 50
523 71
192 70
15 18
408 20
182 66
95 75
376 76
175 73
209 45
185 33
40 30
2 0
716 38
20 39
1024 0
4 7
73 63
15 42
444 74
559 81
22 6
297 73
139 76
14 25
1024 0
1 0
33 33
1024 0
429 81
215 29
46 38
1024 0
403 89
115 48
328 77
725 30
131 77
902 23
547 64
15 36
320 2
302 84
1024 0
1008 3
38 36
194 66
950 13
416 42
19 40
1024 0
74 6
277 24
38 35
160 35
1024 0
51 40
20 39
26 36
921 29
192 3
863 21
1000 2
90 58
199 74
12 1
658 70
158 51
26 25
2 3
556 15
857 34
1024 0
803 31
249 66
101 61
301 75
43 25
18 36
982 5
117 62
549 59
1020 1
327 73
48 1
430 83
4 0
507 72
1024 0
1024 0
1024 0
8 0
37 35
216 61
48 37
59 47
49 41
56 40
431 80
502 73
598 65
852 22
493 57
15 42
9 14
2 10
1018 2
768 1
310 96
1024 0
306 72
227 63
458 36
22 38
988 4
56 35
1024 0
14 20
1024 0
1024 0
1024 0
167 67
20 38
21 37
588 72
987 5
527 70
260 99
149 71
49 45
1024 0
884 24
1024 0
169 73
16 0
945 16
1001 6
28 32
115 50
16 32
1 0
2 6
1024 0
492 54
263 60
435 87
554 59
13 34
1024 0
118 78
401 90
250 87
4 5
259 79
17 41
4 2
1024 0
1004 5
73 61
51 45
387 89
233 68
314 92
918 13
17 40
310 81
354 86
120 55
414 79
1024 0
20 39
1024 0
479 51
146 69
21 38
118 56
15 24
1024 0
1024 0
1024 0
61 34
4 0
64 0
192 1
2 0
43 37
107 16
50 37
86 70
138 74
1024 0
256 0
4 3
1024 0
1024 0
1009 4
836 28
76 40
52 34
212 69
187 48
64 46
1015 2
447 85
225 82
214 76
1024 0
944 16
74 35
512 0
1014 2
658 13
1024 0
75 60
17 40
144 71
1024 0
225 89
216 75
722 44
920 22
1024 0
702 60
824 4
228 64
157 68
992 6
987 9
882 25
1024 0
125 46
683 48
273 70
858 21
1024 0
159 54
130 70
1008 1
968 11
24 1
987 9
53 36
876 29
1024 0
13 23
439 78
26 34
858 27
4 8
171 67
222 19
583 56
865 34
97 68
592 50
985 6
704 34
1024 0
108 77
1018 2
903 15
223 63
354 86
375 78
138 68
1024 0
96 5
861 32
126 64
27 32
1000 2
19 38
4 7
695 33
7 8
135 36
112 73
1024 0
889 28
168 67
962 10
203 61
601 66
145 66
679 67
936 15
115 72
1024 0
1002 5
522 83
226 75
25 24
344 71
31 23
210 65
208 62
452 65
21 38
376 73
1024 0
969 12
79 57
44 22
444 65
18 39
1007 5
444 65
15 33
361 77
512 0
261 51
85 83
341 89
872 2
96 35
47 32
946 11
322 68
1004 2
768 1
861 26
860 20
748 50
993 4
492 70
579 70
138 12
324 9
1024 0
1005 5
687 36
95 87
34 35
545 67
111 55
25 35
396 89
1012 2
232 9
325 81
492 37
71 61
9 21
248 66
146 50
16 0
1024 0
106 61
1017 3
64 0
17 30
346 88
464 76
833 33
47 36
136 50
1024 0
1024 0
15 27
861 32
62 44
48 28
420 66
9 9
50 40
239 65
429 81
68 43
768 1
16 7
926 17
285 43
862 18
1000 8
79 72
977 11
995 6
170 66
601 51
2 0
858 35
812 15
169 67
177 62
234 6
636 69
58 24
1024 0
1 0
11 5
293 73
1024 0
669 54
539 72
533 69
849 34
665 41
4 4
65 36
509 49
104 46
32 0
378 88
8 8
541 52
420 27
65 53
54 38
278 37
71 51
645 36
363 58
505 35
190 31
805 40
896 1
141 19
420 72
1024 0
684 11
419 61
1024 0
1000 2
847 39
980 5
18 31
794 52
180 70
50 38
220 62
470 63
618 62
689 44
22 38
57 50
90 61
31 33
11 12
146 65
48 46
139 78
1024 0
410 70
929 15
51 33
735 33
174 57
1024 0
38 31
1015 3
1024 0
668 62
409 82
792 3
59 39
230 54
18 40
11 36
628 67
56 34
87 70
631 65
98 83
756 42
1024 0
113 72
886 11
86 61
2 3
105 69
1024 0
30 34
315 89
1024 0
560 55
346 94
21 33
69 48
864 35
89 69
158 51
154 57
139 75
327 65
1024 0
16 26
711 42
145 63
65 41
1012 3
966 6
360 2
1024 0
1020 1
223 77
274 60
25 38
195 48
576 2
636 59
1 0
748 38
975 6
1024 0
1009 4
152 69
10 28
805 38
38 36
384 1
1024 0
537 61
267 72
7 10
1024 0
160 2
1013 4
217 11
25 24
412 12
824 29
258 63
83 57
736 59
97 69
926 20
403 54
1024 0
964 12
8 2
366 36
883 12
1018 2
249 86
1024 0
1009 6
363 89
125 60
1004 2
393 72
31 35
542 63
114 77
1024 0
538 71
28 38
296 72
637 76
1024 0
924 11
1024 0
163 74
89 61
273 76
33 37
132 61
5 3
828 39
96 66
155 69
46 19
149 56
1012 2
68 43
1024 0
890 10
184 71
64 0
800 5
370 92
292 65
31 36
1024 0
35 27
961 14
639 54
193 67
1002 4
1024 0
831 37
201 48
1022 1
157 82
880 32
17 41
1 0
176 66
1024 0
1024 0
248 1
78 67
626 45
25 37
23 37
633 32
465 81
1024 0
13 20
18 16
69 54
10 30
1024 0
810 40
547 69
88 5
32 0
736 28
39 38
1024 0
527 55
144 58
103 68
354 88
446 24
249 78
236 78
94 72
42 35
12 9
34 34
1024 0
1009 4
1024 0
36 35
616 45
10 13
407 80
52 49
795 42
253 57
65 51
408 3
884 9
8 0
55 42
703 37
174 67
1024 0
939 15
8 9
1024 0
202 64
751 41
16 32
255 65
121 68
33 35
20 22
1024 0
144 70
69 60
81 53
956 4
859 39
44 39
78 46
871 30
1024 0
751 41
792 36
1024 0
8 15
20 28
618 37
81 65
444 81
190 73
1024 0
270 89
1008 3
251 67
1024 0
840 23
120 46
36 33
1024 0
524 66
240 82
360 76
365 87
583 71
487 70
1024 0
29 31
351 86
1024 0
24 37
43 37
159 61
970 3
30 34
90 58
41 32
333 87
42 43
1024 0
26 25
668 59
995 4
71 42
680 38
914 24
19 40
99 24
691 63
48 35
1020 1
243 80
923 8
995 6
144 71
992 8
437 47
213 58
3 9
466 20
8 15
38 35
924 7
7 12
1024 0
951 12
156 72
1024 0
992 5
574 60
904 22
1020 1
7 4
179 69
212 69
1024 0
512 0
997 7
192 1
728 35
35 37
114 72
944 9
241 71
108 67
640 2
28 17
109 71
71 37
25 29
438 52
783 17
919 25
174 65
930 8
20 32
290 67
886 21
725 52
860 28
130 45
703 43
779 16
143 51
365 42
64 58
937 11
159 55
429 87
12 10
496 72
684 13
274 65
28 33
117 47
1024 0
384 1
937 10
131 72
29 35
448 1
1018 2
37 33
10 28
103 58
1024 0
64 0
286 59
1 0
638 50
879 31
480 2
497 74
95 61
79 49
84 70
1024 0
129 32
622 66
8 15
10 28
40 4
276 66
76 62
16 25
1024 0
22 40
1024 0
69 28
35 32
517 75
69 60
1004 2
78 61
993 8
554 75
913 23
916 8
380 15
983 6
1024 0
223 90
1024 0
60 51
533 73
585 62
391 82
192 66
165 70
517 17
74 59
237 70
24 36
854 29
692 56
296 86
571 70
856 36
15 42
1024 0
30 35
495 56
1024 0
288 4
9 16
296 23
1024 0
14 37
64 0
509 67
515 25
314 66
75 41
170 73
1024 0
105 76
941 18
303 85
1024 0
983 8
12 6
119 79
37 34
1024 0
55 50
12 5
42 36
1 0
939 15
1024 0
88 57
1024 0
318 83
312 89
479 39
120 70
1024 0
251 90
309 58
672 40
11 29
51 38
131 69
1009 5
815 24
108 63
27 37
621 67
952 4
27 19
307 71
1024 0
944 11
76 66
78 70
87 58
1018 2
1 0
123 61
83 40
926 21
1021 2
61 39
9 14
163 65
18 39
24 30
1009 4
23 31
22 37
134 49
118 38
1024 0
569 72
101 77
935 21
641 16
807 33
1024 0
43 37
910 12
36 16
229 81
198 47
11 27
164 14
10 17
710 43
226 70
17 21
109 73
921 22
839 15
414 82
67 49
946 8
195 74
541 39
945 19
134 60
49 40
64 2
1024 0
192 1
878 10
1024 0
232 59
301 72
32 0
216 66
1024 0
490 77
235 58
1024 0
156 70
90 58
70 55
2 0
79 61
35 34
91 55
59 43
21 39
735 17
12 21
93 63
952 4
45 43
1000 2
1024 0
18 40
288 4
82 47
1024 0
47 31
19 32
1024 0
62 22
262 81
768 52
571 74
898 17
970 11
594 35
132 49
875 13
75 35
778 45
1024 0
195 66
277 87
892 21
911 22
832 39
872 18
802 31
410 79
21 39
112 72
672 2
163 67
3 9
162 70
1024 0
104 73
1018 2
640 65
7 10
802 25
1024 0
760 49
587 54
68 38
90 56
50 35
187 70
976 2
14 21
1014 2
129 53
1024 0
85 75
105 51
218 33
510 60
74 61
1014 2
1013 4
737 28
24 33
1024 0
4 0
154 66
994 4
123 73
946 11
4 0
20 29
4 8
4 0
40 4
169 28
18 17
62 51
1024 0
153 47
1024 0
968 3
191 59
16 25
950 5
1024 0
271 94
10 20
1024 0
265 89
376 4
100 71
116 62
1017 3
1024 0
95 78
4 0
473 67
291 79
47 34
268 30
112 59
646 37
502 82
910 28
142 72
184 48
48 40
1013 3
1024 0
30 38
767 10
53 40
27 37
1024 0
144 70
1024 0
1024 0
43 32
822 45
155 71
191 69
717 56
31 35
145 74
97 62
123 59
411 78
23 32
1024 0
88 68
541 59
25 13
1024 0
20 37
480 84
568 56
946 8
438 82
64 53
1024 0
108 85
1024 0
107 86
1024 0
14 34
84 68
511 71
394 89
1024 0
657 74
11 36
746 25
323 82
224 79
1024 0
32 31
951 10
1024 0
25 36
1000 6
832 31
1024 0
150 69
315 81
976 9
13 12
182 71
25 23
1018 2
331 75
187 57
711 36
45 33
27 31
11 19
472 68
580 40
519 66
39 37
726 41
4 0
980 12
125 55
1024 0
960 1
17 32
19 12
640 2
324 87
292 16
150 63
358 65
384 1
1024 0
119 80
1012 2
1024 0
1018 2
450 45
556 80
384 1
10 20
19 17
493 68
1024 0
1024 0
560 69
1024 0
57 29
106 68
10 15
13 34
1024 0
747 55
967 8
165 67
109 67
1024 0
557 61
14 37
1024 0
1024 0
628 10
192 1
95 84
19 14
900 22
15 33
965 15
26 29
28 36
43 36
2 10
32 34
77 63
481 83
87 67
910 25
903 22
355 35
1024 0
1024 0
1024 0
71 32
1024 0
678 58
9 5
320 36
1024 0
619 51
1024 0
1024 0
1024 0
1024 0
792 19
928 16
16 0
923 28
220 12
45 38
327 80
378 79
57 47
1024 0
708 56
609 54
1024 0
356 59
114 29
7 7
377 79
997 5
6 3
215 65
156 70
1024 0
578 45
84 70
45 39
42 30
82 46
12 35
18 41
921 18
745 50
124 66
720 44
15 18
128 0
1002 3
1024 0
643 69
498 76
1024 0
12 14
23 36
1024 0
987 12
367 91
70 44
713 50
296 88
852 7
4 6
899 17
1024 0
488 7
915 24
4 0
83 73
27 36
1024 0
79 72
29 33
872 26
97 79
28 30
54 39
490 65
928 2
624 6
735 60
113 42
848 31
162 38
27 36
202 85
6 4
460 77
626 28
862 32
1022 1
279 50
23 37
32 34
24 35
1024 0
895 36
1024 0
533 62
1024 0
63 41
24 37
629 57
759 40
426 77
949 17
348 89
411 83
1024 0
193 62
289 74
387 74
822 35
368 18
65 42
498 59
1024 0
106 72
333 71
379 53
56 6
40 37
111 39
1024 0
147 66
14 7
990 6
1016 3
917 11
1024 0
932 16
1024 0
33 31
84 42
1024 0
151 60
46 37
1006 4
465 76
50 10
953 8
632 54
359 79
725 46
824 29
207 29
45 33
128 0
353 22
1024 0
70 56
17 34
1011 4
61 31
967 15
86 56
1024 0
549 58
30 35
23 28
378 88
25 37
412 75
1016 1
29 12
328 84
936 14
86 51
13 25
30 34
161 65
26 35
7 10
4 2
394 87
1024 0
365 77
59 50
622 59
172 64
845 43
68 54
647 43
42 33
992 1
24 37
119 80
144 66
1024 0
744 24
47 33
49 39
1000 2
36 39
291 93
762 19
967 14
1015 4
357 55
55 10
100 54
184 56
1024 0
705 53
799 43
512 0
525 29
448 5
231 62
718 64
977 8
506 71
1 0
896 1
1024 0
512 0
990 4
903 18
193 79
700 54
97 75
527 62
784 47
18 2
1024 0
1024 0
15 32
1008 4
288 44
956 18
6 11
172 53
359 89
583 68
88 53
105 82
511 75
1019 2
990 10
766 29
39 32
439 73
27 35
655 41
1024 0
1024 0
42 32
144 2
47 36
607 10
911 17
200 66
1024 0
890 35
131 77
515 74
940 4
429 81
29 27
230 72
1024 0
128 0
405 11
649 51
904 23
996 3
639 60
2 9
125 43
1024 0
1010 3
456 62
16 42
28 35
1016 1
994 9
1024 0
28 37
170 63
31 34
673 23
1024 0
795 24
4 0
880 6
66 49
1024 0
1024 0
46 43
282 71
156 72
82 42
939 12
623 15
193 78
741 27
220 63
1024 0
916 15
648 64
1024 0
21 32
9 21
998 7
900 20
731 54
640 3
24 25
1024 0
218 68
188 70
651 57
912 4
45 34
513 50
64 35
1024 0
1024 0
16 24
768 1
23 29
888 21
979 10
1012 2
59 45
1016 1
1024 0
243 60
148 69
467 46
46 37
8 2
72 11
104 69
288 2
92 43
792 6
38 36
33 31
933 10
62 31
26 31
786 47
8 15
40 31
34 34
879 8
25 15
46 38
1024 0
269 87
564 65
634 40
1024 0
209 77
848 31
992 5
254 29
52 40
928 2
996 8
293 85
924 5
882 27
231 69
53 34
58 34
452 81
545 53
2 10
512 0
16 27
768 1
284 79
1016 1
116 71
993 11
108 54
9 21
128 2
335 88
16 0
131 80
30 35
799 37
512 0
89 68
220 73
36 30
768 41
625 58
4 0
2 8
412 74
917 16
562 66
3 9
6 6
1024 0
422 74
13 22
1024 0
35 35
833 31
979 11
713 54
234 51
464 61
25 36
96 94
50 28
47 34
149 64
1024 0
458 92
426 81
710 46
244 68
853 31
1024 0
1024 0
730 56
1024 0
187 75
524 66
931 8
184 70
58 50
254 79
422 89
964 14
974 12
899 15
438 75
192 1
263 68
775 53
1 0
600 70
878 36
1024 0
75 41
459 82
10 14
1008 1
58 47
130 47
89 53
494 60
1024 0
288 78
748 65
258 60
403 48
289 88
1018 2
83 74
1024 0
950 19
659 41
695 48
913 20
394 90
12 14
101 69
951 15
351 90
654 50
114 57
25 36
1024 0
992 6
192 71
512 0
31 11
144 2
234 82
62 42
124 79
802 25
308 74
824 45
1020 1
81 60
121 69
978 4
147 70
203 69
890 21
1021 2
218 79
246 72
381 76
117 69
72 68
23 38
1024 0
864 27
119 78
1024 0
140 68
101 60
87 39
21 16
890 11
1024 0
89 52
23 12
14 33
93 74
16 34
420 31
422 6
143 12
514 78
126 81
986 10
1018 2
832 6
262 93
173 69
149 18
512 0
187 52
17 33
13 29
70 53
342 88
179 66
177 62
18 17
1024 0
140 68
896 1
169 66
1024 0
9 18
954 12
1024 0
72 51
434 40
35 29
5 3
32 37
922 15
163 68
98 53
4 3
23 32
575 72
101 62
12 12
1024 0
947 7
68 38
1024 0
5 3
10 7
551 69
13 26
16 24
1024 0
7 10
675 76
1 0
30 36
759 38
1024 0
1024 0
1006 4
17 34
1024 0
438 49
1024 0
203 66
1024 0
985 6
337 67
214 76
409 53
977 11
365 83
604 70
1024 0
65 50
832 31
78 43
1024 0
715 56
197 78
1024 0
167 52
540 82
892 6
1024 0
1024 0
74 50
790 43
251 84
533 85
268 76
56 47
145 64
711 52
33 34
1024 0
10 8
16 17
299 90
539 62
298 44
39 41
194 6
27 22
1015 4
1024 0
1024 0
280 86
367 36
986 10
88 12
584 56
1024 0
11 29
99 92
88 71
673 50
49 40
44 34
319 88
943 12
227 55
1024 0
196 57
4 0
745 59
356 92
49 21
550 69
35 35
613 62
1024 0
7 10
1024 0
7 10
16 0
790 25
222 66
65 44
432 74
60 57
23 38
486 81
123 61
299 52
1024 0
432 4
327 38
676 6
120 77
841 23
1 0
657 48
159 54
378 84
47 42
4 2
42 37
1014 2
280 69
706 17
215 68
449 67
611 63
84 56
858 26
10 15
153 49
1005 3
1024 0
8 2
367 78
98 62
269 93
128 23
180 68
90 74
240 66
940 13
734 54
8 15
21 37
3 9
94 62
460 86
918 21
1024 0
385 74
41 25
894 30
494 62
910 9
28 35
294 68
1024 0
367 68
792 45
799 46
20 38
111 80
4 0
12 28
1024 0
2 10
158 5
402 5
526 59
626 38
760 44
57 37
1000 2
10 11
46 33
106 72
486 70
1024 0
60 50
522 68
231 85
172 50
50 43
13 36
20 38
984 11
54 36
271 78
234 81
211 88
126 35
80 38
895 19
191 50
250 82
15 42
538 52
431 67
94 54
194 74
980 6
1012 2
468 68
84 4
170 64
27 36
495 51
1024 0
19 14
23 37
899 28
511 71
707 36
453 79
1024 0
110 69
1002 6
71 16
87 64
145 52
606 67
310 105
736 4
23 37
1024 0
541 15
192 61
891 25
49 38
1004 3
144 37
37 35
38 32
82 42
45 34
234 66
277 97
122 56
86 39
447 75
882 21
1024 0
3 8
16 34
602 34
459 76
22 33
1024 0
398 85
4 0
160 2
120 53
340 61
129 78
128 72
41 23
16 29
928 2
16 0
1024 0
173 74
89 70
1 0
942 16
156 11
343 82
267 64
1 0
171 52
848 32
166 69
891 22
256 0
214 62
111 70
945 18
366 89
43 36
25 37
129 78
26 37
821 42
52 43
1024 0
515 78
1024 0
67 50
6 6
9 8
291 57
1024 0
28 36
95 69
1012 2
121 38
980 7
1008 7
14 33
977 15
556 72
1024 0
106 77
294 59
980 10
34 35
409 58
173 71
208 47
134 76
555 51
1024 0
105 71
426 64
848 2
19 16
6 10
220 74
1016 1
223 65
55 43
519 80
866 14
925 18
39 32
6 4
565 60
4 0
20 39
950 15
1024 0
425 74
25 37
23 36
605 44
28 32
128 4
15 26
40 31
34 35
32 32
96 61
997 8
93 43
32 36
1024 0
1024 0
1024 0
152 70
12 14
297 56
1024 0
947 19
18 39
52 34
1017 2
91 31
72 32
313 52
16 3
76 55
1017 3
279 76
303 57
799 40
296 4
24 1
12 3
4 4
3 9
319 74
971 8
141 73
78 49
697 66
1024 0
963 13
1024 0
40 36
426 71
543 42
782 36
201 59
32 32
47 32
800 18
50 36
16 22
912 3
631 44
1024 0
32 0
14 13
1024 0
156 70
744 43
1024 0
737 30
24 3
221 80
49 35
557 21
69 51
129 68
1024 0
11 16
744 29
1024 0
9 21
1024 0
1024 0
192 1
1 0
1024 0
908 21
169 70
646 4
109 47
512 0
139 71
19 17
556 72
889 20
26 36
24 35
18 39
264 88
1 0
499 75
211 78
88 54
53 35
729 54
4 0
502 62
14 6
1024 0
1020 1
164 71
976 11
67 38
1024 0
308 64
76 43
236 7
819 22
976 2
1024 0
1016 1
89 55
933 8
661 59
148 71
1024 0
99 33
617 65
1024 0
1024 0
15 32
574 60
1024 0
204 68
353 86
38 32
942 15
863 29
1024 0
640 2
1024 0
44 43
496 27
73 60
259 59
866 24
907 17
49 30
692 52
1020 1
28 35
480 77
11 9
29 36
12 45
1024 0
1024 0
5 3
8 0
511 74
978 7
20 38
2 10
392 46
621 49
30 34
8 9
268 47
47 34
973 11
1024 0
1008 3
1024 0
1 0
50 35
185 69
29 33
981 10
265 87
28 32
637 53
1024 0
29 35
714 38
664 58
19 29
939 17
103 70
76 59
193 63
970 10
69 24
16 34
928 2
157 71
7 5
246 83
61 45
89 74
94 77
282 74
886 28
58 38
1024 0
666 74
14 24
86 57
1024 0
110 72
8 11
431 39
107 58
1024 0
1024 0
654 28
53 41
6 6
969 12
159 65
991 6
1024 0
1024 0
369 28
33 37
872 2
121 57
212 68
1024 0
768 1
240 62
43 41
5 2
33 38
563 58
393 45
6 6
949 18
36 36
1013 4
670 64
1024 0
967 12
112 70
137 61
158 67
15 32
181 70
2 4
1000 2
13 10
384 1
776 48
134 67
1024 0
659 45
1024 0
1008 3
863 29
88 6
2 10
31 33
13 36
1024 0
1018 2
1024 0
391 18
8 7
31 37
175 63
242 78
105 73
1 0
960 2
462 73
1024 0
437 75
297 51
136 77
8 0
907 26
100 76
448 1
25 40
987 8
1010 3
4 0
1024 0
1 0
77 64
177 63
53 26
22 31
603 76
528 5
216 60
816 26
1024 0
48 42
1024 0
1024 0
21 38
1024 0
858 22
25 37
275 80
64 0
316 84
1024 0
225 96
1024 0
1024 0
670 44
197 65
302 90
812 35
275 61
259 55
235 72
1004 5
24 34
868 7
87 69
9 7
692 35
798 28
17 34
1024 0
116 6
1016 1
856 6
37 21
426 69
119 75
177 68
970 15
304 74
92 41
1024 0
526 55
1018 2
260 94
712 59
85 37
25 36
1 0
918 23
99 48
32 38
82 70
944 10
96 1
988 7
3 10
578 68
960 1
677 42
496 73
5 3
445 29
916 16
803 42
165 64
665 56
948 16
108 89
17 41
888 22
148 66
37 30
439 82
126 77
14 9
1024 0
795 27
631 67
167 63
432 5
391 77
3 9
1024 0
1 0
687 50
816 4
26 34
1009 4
51 35
425 63
119 77
53 41
12 35
489 63
984 2
1003 5
358 81
64 0
15 20
1024 0
224 82
175 49
677 36
770 7
230 71
578 34
468 26
120 63
4 0
149 72
384 1
107 58
128 0
278 93
1008 1
753 47
924 15
32 33
84 70
1024 0
933 8
27 37
17 41
546 70
31 35
789 35
9 23
13 34
370 81
896 3
992 1
75 50
936 17
2 10
291 90
28 34
904 20
1024 0
465 38
896 32
7 10
1 0
33 33
69 54
27 28
1024 0
727 28
24 1
1024 0
976 8
10 24
1024 0
128 0
51 21
79 46
1024 0
30 33
5 3
42 7
1024 0
4 0
54 45
327 74
206 71
1024 0
37 29
827 40
657 57
388 36
792 4
992 5
408 27
53 35
427 46
1024 0
86 51
203 83
15 42
374 83
1008 1
987 11
1024 0
431 19
25 37
401 63
197 75
105 64
567 67
1024 0
81 55
43 39
36 36
282 71
155 66
57 37
28 37
24 1
1011 4
25 35
21 29
1024 0
910 9
15 3
44 33
23 37
1024 0
533 14
32 0
748 52
1024 0
58 43
1024 0
1007 2
1024 0
122 76
951 11
200 56
149 71
24 36
1024 0
1024 0
393 70
22 27
3 10
1024 0
976 2
944 4
850 24
66 63
886 31
1024 0
1024 0
977 8
465 76
911 17
119 75
1024 0
173 67
623 65
655 60
122 69
722 51
452 71
537 62
64 0
815 39
305 67
48 32
58 50
2 0
1024 0
174 71
255 82
359 85
33 31
213 75
160 2
1024 0
86 42
49 41
85 82
79 45
495 64
1024 0
536 78
1018 2
1024 0
108 53
11 27
75 52
329 86
14 11
3 3
1024 0
1 0
56 44
1024 0
597 69
333 79
751 37
205 71
322 58
384 1
1024 0
74 66
407 81
8 15
8 15
188 68
1024 0
915 21
66 57
1024 0
437 63
1020 1
282 78
43 36
1024 0
1004 2
123 67
8 0
914 6
27 19
768 1
444 77
174 60
368 5
295 38
949 10
526 17
587 40
880 31
52 40
768 1
230 76
1024 0
1003 7
13 15
113 57
845 35
964 6
941 21
39 33
896 1
195 53
628 51
442 58
1024 0
90 55
778 48
896 14
8 9
32 33
43 32
898 21
46 45
26 36
36 33
984 10
14 43
804 11
632 46
26 36
1014 3
69 56
131 64
1024 0
83 74
448 23
712 40
335 45
47 42
175 63
962 6
463 77
1024 0
227 78
200 69
32 2
66 49
295 76
32 31
47 36
58 36
339 97
187 61
385 89
339 86
18 28
179 66
437 92
13 44
949 15
26 37
464 53
45 38
1024 0
22 20
336 83
52 38
771 47
230 87
398 4
352 61
309 81
12 21
102 75
900 8
374 55
108 86
855 33
1024 0
55 35
180 57
44 32
669 36
159 67
387 62
73 44
1024 0
1024 0
406 71
174 68
583 68
531 74
11 36
50 42
409 84
1024 0
4 0
296 63
544 67
205 25
1000 3
101 53
581 49
142 65
993 10
87 81
14 16
322 75
25 39
984 3
16 43
1012 2
153 67
1014 2
8 15
11 36
80 67
9 21
970 5
1024 0
832 2
751 46
22 38
722 58
576 3
988 6
894 25
26 28
1024 0
411 82
497 80
4 0
974 7
962 13
934 8
1018 2
6 4
353 55
304 61
192 1
31 32
646 57
2 6
9 5
11 19
9 21
153 66
32 0
377 83
1024 0
146 66
1024 0
27 24
1017 3
538 70
85 73
57 32
38 32
12 30
86 45
82 38
306 106
159 46
1024 0
63 42
1024 0
2 9
421 56
1014 2
202 74
998 6
1024 0
24 35
279 59
188 66
65 56
272 84
30 37
564 67
6 3
901 25
423 75
160 2
1024 0
1024 0
369 73
266 50
6 6
48 31
8 7
76 35
901 26
31 36
1024 0
59 37
48 33
51 46
463 6
256 47
1024 0
824 4
975 13
61 44
10 28
1024 0
1024 0
46 36
484 64
1024 0
998 8
600 69
83 29
865 16
1024 0
360 65
28 35
39 30
1024 0
32 34
59 41
1024 0
270 67
909 16
28 33
1024 0
1024 0
115 65
100 58
362 47
87 47
886 25
896 1
1024 0
84 48
996 3
112 56
639 60
31 29
57 46
928 2
581 55
18 39
1024 0
70 40
28 34
130 38
985 5
30 18
97 30
16 2
50 43
466 66
4 2
119 46
249 56
468 81
1006 6
919 10
1024 0
151 75
973 8
27 35
838 34
512 0
14 33
730 33
1006 3
508 10
24 35
66 48
2 10
131 71
8 6
189 71
1018 2
1024 0
249 60
963 12
6 3
968 14
73 50
128 54
1024 0
49 24
474 70
67 48
922 10
36 2
815 42
481 82
768 1
742 46
1024 0
640 2
698 20
22 36
611 67
170 64
837 39
1024 0
918 17
988 4
384 1
655 50
73 66
4 0
642 39
180 74
856 39
440 74
1024 0
543 70
1024 0
1024 0
20 11
6 7
1024 0
14 21
101 69
77 65
28 26
640 1
201 57
971 12
6 8
48 34
2 7
39 36
114 76
827 40
162 56
995 9
398 39
27 29
203 72
1011 5
691 61
143 66
1020 1
1 0
17 40
93 68
560 42
337 90
33 31
11 12
34 22
1024 0
8 2
938 9
249 84
117 27
103 43
983 5
598 53
922 6
156 70
343 86
254 74
538 53
398 83
1024 0
378 57
763 37
1024 0
1024 0
865 22
190 69
6 8
76 57
44 34
1 0
847 19
991 6
294 90
1 0
120 70
271 17
576 49
18 39
931 18
16 2
922 16
883 28
20 30
140 72
25 35
1024 0
690 12
186 65
20 38
62 38
1024 0
512 0
94 64
647 36
725 33
72 58
124 7
1024 0
168 58
40 36
716 42
14 4
15 42
340 90
896 22
901 28
21 39
20 40
1024 0
697 61
47 37
475 36
16 35
340 75
195 55
47 39
1024 0
1024 0
48 1
77 60
934 19
1011 3
298 67
6 1
534 58
36 11
672 2
1024 0
27 38
1024 0
257 83
46 32
350 58
77 69
55 35
18 22
618 70
1024 0
18 40
28 27
1024 0
92 84
5 3
1024 0
76 9
90 59
54 34
143 69
688 4
13 16
288 4
103 48
33 34
242 100
492 69
62 42
1010 3
1024 0
1024 0
5 2
23 28
771 51
995 6
15 8
1024 0
1024 0
535 49
768 1
884 22
213 72
56 35
930 21
698 22
721 52
2 10
564 50
410 80
791 51
188 58
324 88
64 47
1024 0
1024 0
136 69
37 35
19 38
34 33
203 59
74 36
172 57
1004 2
40 6
63 35
907 18
31 37
249 77
4 2
882 27
166 44
669 76
18 41
695 32
1024 0
25 36
296 82
11 17
988 4
1024 0
81 69
1024 0
1020 1
228 64
22 39
37 35
621 61
180 60
95 74
290 76
71 46
357 96
395 83
923 9
574 72
10 15
996 3
858 34
364 53
43 34
64 0
1024 0
1024 0
602 60
533 70
2 7
1024 0
448 43
13 13
115 75
1024 0
15 22
1024 0
267 55
821 22
72 34
402 77
838 33
89 84
70 64
431 36
942 13
38 31
600 7
624 5
16 41
1024 0
224 68
385 84
8 6
576 2
1011 4
1024 0
9 11
1024 0
177 67
710 51
135 39
752 3
124 72
1020 1
877 31
66 47
384 70
123 41
371 49
997 7
4 2
1 0
256 59
45 30
74 50
6 6
956 11
104 4
4 0
417 36
20 10
768 1
1002 4
64 41
10 14
544 7
395 53
494 25
576 3
412 76
585 73
142 63
1016 1
995 8
322 83
503 19
1024 0
1002 6
49 37
157 52
860 21
165 70
1024 0
662 60
725 44
41 34
160 68
2 2
741 59
215 70
1024 0
327 85
267 79
107 49
64 36
1024 0
606 31
1024 0
21 38
16 17
756 7
640 56
990 4
29 31
878 34
1024 0
1015 4
118 60
48 37
168 70
9 21
162 50
854 17
81 51
321 59
722 46
1024 0
65 48
278 76
408 83
663 47
910 26
543 67
566 59
1024 0
1024 0
900 18
992 8
33 30
1024 0
1024 0
450 85
914 15
13 6
650 49
961 14
1024 0
756 37
10 13
32 34
971 11
1024 0
814 32
938 17
129 53
695 53
1024 0
2 9
96 71
1024 0
875 32
517 61
171 73
723 46
590 47
1024 0
10 6
19 39
10 22
387 84
684 48
647 47
1014 2
419 89
1024 0
4 3
128 0
299 88
9 21
41 36
241 57
1024 0
974 14
9 16
1024 0
180 48
20 17
664 42
240 3
264 5
1024 0
235 29
1 0
154 68
412 73
944 11
768 1
612 67
287 60
77 15
324 97
903 11
16 27
1024 0
1024 0
218 70
327 70
60 38
128 75
806 19
203 66
1004 2
710 56
113 74
974 10
928 2
806 30
4 3
67 20
949 10
980 7
348 3
14 43
338 47
1024 0
1000 3
260 27
893 20
936 18
1024 0
936 9
164 66
834 32
1024 0
138 67
549 78
35 35
5 3
280 104
1 0
331 86
19 39
1024 0
639 60
14 26
536 66
1024 0
541 64
704 5
554 76
17 40
601 66
1024 0
14 33
1024 0
108 45
429 55
1024 0
109 86
1 0
17 21
570 43
901 24
1024 0
4 0
37 37
9 21
790 43
180 66
68 20
1020 1
32 0
1004 3
8 0
1020 3
17 37
26 35
1016 1
926 22
84 23
38 32
137 74
598 52
26 36
696 10
1024 0
947 10
1016 1
1024 0
550 19
522 79
1024 0
54 25
13 21
992 7
16 23
208 75
1024 0
19 39
675 58
247 57
977 10
82 69
7 10
149 56
581 56
190 68
256 0
264 105
12 20
1024 0
15 42
601 60
915 10
130 21
269 61
32 25
2 10
22 23
1016 1
105 67
8 17
1024 0
12 7
118 71
510 37
412 6
2 9
1024 0
184 18
9 21
948 18
1024 0
789 8
35 33
1024 0
29 32
230 86
14 43
1024 0
1024 0
1 0
895 24
2 0
986 5
36 35
224 48
79 81
1024 0
1 0
880 4
4 5
61 46
1024 0
821 30
294 68
1007 4
51 41
704 28
33 26
868 24
89 57
1024 0
105 76
158 60
1004 2
920 16
548 72
872 27
1024 0
794 41
760 54
25 35
563 62
162 68
138 63
1024 0
177 66
1024 0
23 37
947 21
1021 2
845 23
1002 6
75 56
170 52
580 71
524 51
313 74
1024 0
1024 0
96 5
1006 2
33 33
653 48
1024 0
288 2
1006 2
714 36
963 14
970 7
48 3
19 40
393 57
20 13
75 52
216 54
512 0
1024 0
954 14
1024 0
989 7
44 32
8 2
9 9
35 34
88 52
956 9
117 25
1024 0
105 87
675 31
7 12
945 16
20 38
919 7
49 28
15 32
87 67
39 16
1016 2
12 5
275 94
306 74
713 45
3 9
41 35
273 90
261 85
957 11
128 67
658 50
1024 0
16 0
107 81
1024 0
357 20
1014 4
859 17
31 33
1024 0
328 73
614 70
822 32
943 10
1018 3
7 10
166 14
1024 0
772 27
1024 0
288 2
28 35
380 68
26 5
55 50
564 58
26 35
1024 0
566 49
932 22
453 38
138 53
48 35
560 3
504 5
280 63
1024 0
1024 0
134 72
8 0
1014 2
88 82
33 11
932 20
978 13
479 82
40 35
2 10
450 53
662 55
896 3
16 0
37 33
544 36
214 74
287 87
38 32
228 60
52 41
1024 0
163 66
2 8
425 73
550 65
542 77
845 33
11 22
104 56
86 66
32 0
1024 0
562 88
1024 0
287 51
244 59
348 99
49 28
888 9
278 46
640 2
631 58
40 30
275 95
21 33
104 56
930 9
57 52
1024 0
252 95
100 37
209 62
689 58
2 10
6 1
1024 0
972 8
18 39
977 7
1016 1
18 41
1024 0
140 76
9 14
1008 1
896 24
96 40
2 4
177 70
1024 0
492 72
11 36
489 68
977 6
1024 0
917 21
133 76
512 0
1024 0
30 7
202 34
960 1
889 29
7 10
1019 2
28 34
321 80
27 16
25 31
960 1
7 10
107 24
44 29
46 35
832 2
109 55
512 0
684 31
126 44
170 71
533 50
30 32
277 49
47 36
544 60
424 56
93 82
205 64
65 53
80 7
244 56
216 3
316 54
161 70
1024 0
73 66
989 8
74 47
1002 5
6 2
692 53
8 3
68 58
832 2
37 32
333 61
958 6
182 62
1024 0
873 28
17 25
668 6
141 63
832 12
1024 0
468 56
308 54
55 40
308 80
1024 0
1008 1
39 33
20 21
1024 0
16 31
54 38
608 74
190 65
1020 1
123 66
953 12
1011 6
61 53
1001 4
1018 2
86 64
13 28
512 0
1024 0
286 80
578 55
43 35
896 1
832 2
11 12
118 57
592 36
723 51
991 8
2 4
880 5
1024 0
872 22
101 73
192 1
4 0
21 31
1024 0
20 31
32 35
6 6
6 2
557 38
237 79
954 6
1018 2
415 74
3 9
196 59
835 38
800 5
1024 0
990 6
37 33
13 28
29 35
894 28
96 1
480 73
585 40
342 90
244 47
77 49
15 25
145 65
44 49
128 51
1018 2
992 1
960 1
286 34
126 71
1020 1
256 0
341 92
704 59
30 37
210 79
1024 0
829 36
874 8
965 13
373 90
438 41
1004 4
791 32
1024 0
5 3
968 14
171 69
1016 3
41 34
70 43
182 68
928 2
843 10
7 10
971 15
2 3
806 11
16 14
16 0
833 23
1 0
6 6
798 7
1024 0
61 45
1024 0
48 39
376 63
117 71
223 71
1024 0
75 36
84 26
1024 0
4 0
118 63
1024 0
57 38
1024 0
70 44
157 58
1024 0
610 50
22 33
983 13
256 0
205 72
1024 0
65 36
2 3
37 30
395 23
301 15
123 72
1000 2
169 72
51 9
862 23
91 64
381 15
1024 0
400 3
1024 0
752 5
581 62
154 68
1009 4
486 34
281 81
989 8
12 23
12 1
18 28
16 2
1024 0
123 73
95 75
699 26
146 72
37 30
4 0
1024 0
859 23
22 37
1024 0
491 69
140 3
563 79
5 3
802 30
647 61
378 88
1024 0
74 58
45 34
248 73
191 76
138 75
1 0
824 5
170 64
920 4
643 54
1024 0
737 47
13 23
3 9
24 38
28 23
970 11
337 77
933 6
901 29
817 37
58 54
33 33
174 63
4 0
920 23
150 70
1024 0
706 59
296 86
13 44
130 64
142 69
574 92
200 69
74 37
1024 0
244 73
462 71
163 67
1020 1
61 44
903 29
946 16
33 35
411 79
845 23
500 80
80 52
282 96
407 77
51 34
226 10
988 3
308 89
530 73
154 39
148 63
55 42
1021 2
1024 0
1024 0
99 22
548 66
323 87
247 78
5 2
1012 3
1024 0
823 35
70 58
901 13
1024 0
70 21
118 81
1024 0
270 17
1024 0
512 0
639 61
972 10
1024 0
992 1
16 31
1024 0
571 63
218 62
66 22
158 25
1024 0
267 78
872 8
11 22
118 66
125 79
19 40
425 74
1010 3
968 3
780 37
540 40
1008 1
32 2
857 32
157 50
1024 0
1024 0
27 21
85 37
28 35
24 37
272 70
34 19
1024 0
100 79
6 6
1024 0
521 76
14 16
673 56
226 74
91 60
40 25
159 33
949 12
35 9
102 57
76 40
35 34
403 19
184 63
675 32
1024 0
359 81
663 27
508 41
1024 0
994 4
1024 0
29 33
538 9
886 30
565 64
1024 0
841 17
647 53
85 61
756 47
563 47
900 14
1024 0
988 4
148 67
495 59
512 0
256 13
1023 1
748 50
83 48
173 43
211 71
496 64
1024 0
489 75
680 32
17 42
7 10
996 3
1024 0
917 10
128 2
1024 0
1000 2
182 63
101 39
41 31
1024 0
191 61
1024 0
224 61
391 76
1018 2
620 59
342 84
964 18
1010 3
86 63
382 77
15 32
766 37
4 2
345 60
983 11
97 70
38 36
786 42
1024 0
116 75
1024 0
514 72
10 20
66 48
4 3
1021 2
136 65
85 32
246 42
743 51
78 37
951 5
124 76
895 22
1024 0
1024 0
723 14
1024 0
787 15
447 83
88 70
273 53
65 57
1 0
291 89
644 10
32 35
171 70
99 49
366 49
1024 0
939 18
127 74
2 0
2 10
899 23
747 40
1024 0
130 74
53 23
718 37
64 44
937 18
987 7
12 5
59 46
640 3
30 36
1024 0
41 33
205 60
741 56
707 12
16 41
819 37
713 48
304 59
1024 0
582 51
604 16
4 4
877 23
1000 6
83 83
29 33
1024 0
144 2
261 99
963 14
12 35
1024 0
390 65
55 40
911 13
1024 0
291 60
233 87
28 34
123 24
1024 0
1024 0
640 50
421 52
2 0
1024 0
77 53
8 0
12 22
602 53
886 22
164 69
1024 0
1004 2
1024 0
868 6
1024 0
880 4
457 56
955 9
71 37
4 9
977 13
180 12
138 61
1 0
1024 0
976 2
294 89
451 69
778 44
267 53
14 27
1024 0
9 7
170 71
48 1
403 75
34 36
7 10
25 36
787 39
1024 0
80 81
52 34
61 37
1010 3
144 2
743 39
378 7
158 60
250 88
17 41
896 1
15 42
189 67
105 68
249 62
112 44
38 31
41 36
320 1
465 77
271 64
315 102
34 33
140 73
2 0
792 48
7 12
1024 0
57 49
757 17
587 43
930 18
767 43
123 80
912 28
511 67
1024 0
151 66
343 89
1 0
890 25
302 81
796 35
1024 0
109 51
112 67
20 31
68 57
802 9
82 57
354 76
643 53
1024 0
853 21
271 79
1024 0
960 1
256 93
643 42
128 0
28 28
870 26
956 16
1024 0
15 33
1012 2
396 66
1024 0
11 16
548 28
994 5
720 36
338 80
21 31
30 34
197 70
16 0
210 25
17 28
996 5
18 32
17 40
512 0
388 98
361 23
16 3
429 73
616 63
512 0
609 75
594 51
945 20
1024 0
56 37
86 72
1024 0
753 45
13 27
264 55
1024 0
56 14
828 21
533 70
399 87
826 21
72 44
18 29
38 37
252 73
157 74
692 49
176 68
1002 5
1024 0
1014 2
208 2
168 46
36 34
374 78
934 7
1016 1
144 5
1021 2
980 3
255 76
23 31
652 58
42 4
725 46
1024 0
28 38
2 3
973 10
30 24
89 25
1 0
1017 3
924 11
1010 3
1013 3
22 33
12 26
992 3
56 40
204 18
82 74
31 27
421 52
341 91
780 46
190 57
692 71
935 6
204 74
894 25
19 24
27 35
20 1
262 70
192 1
331 65
616 53
47 39
247 66
64 0
965 6
35 35
578 41
792 48
270 46
30 39
1024 0
207 72
109 52
222 69
1 0
1024 0
27 31
512 0
221 75
4 4
349 87
1000 6
1024 0
549 24
72 46
66 41
443 79
512 0
757 52
1024 0
379 80
40 37
14 15
381 84
13 27
373 86
467 70
23 35
1024 0
7 10
75 56
322 92
329 85
338 93
52 31
8 17
80 26
1024 0
287 125
340 12
1024 0
1024 0
1024 0
17 14
159 72
66 34
1024 0
168 67
24 37
68 46
830 30
201 50
320 80
182 68
1 0
305 96
1024 0
677 64
186 53
222 82
1008 3
79 53
122 58
16 37
787 31
32 32
60 39
469 61
161 70
786 12
1024 0
841 31
2 4
113 72
36 34
49 37
768 1
60 48
900 28
7 8
1024 0
560 53
19 35
147 46
530 49
555 68
359 73
1 0
624 47
1024 0
1024 0
53 51
9 21
518 40
1024 0
1018 2
456 26
1024 0
15 42
203 73
1001 7
1024 0
131 36
507 64
38 29
1020 1
1024 0
417 78
4 2
281 86
1024 0
32 34
1024 0
791 43
12 35
896 3
884 17
58 40
46 34
26 33
1011 4
26 33
277 63
821 11
1024 0
425 74
571 64
43 32
910 25
512 0
1024 0
31 33
34 33
517 71
847 32
36 35
143 56
851 35
956 9
1000 2
1024 0
892 7
965 14
950 6
120 63
1024 0
1 0
575 76
217 74
764 37
89 94
998 7
64 4
5 3
24 33
1024 0
7 10
240 52
23 17
249 67
676 50
1024 0
1024 0
730 49
1024 0
1024 0
956 12
1012 2
845 31
1024 0
246 12
122 61
368 32
964 4
826 6
62 44
738 14
925 15
565 74
1024 0
451 70
606 36
9 17
72 44
46 33
469 21
1024 0
462 67
164 67
1007 4
30 34
1024 0
1014 4
1024 0
6 11
14 37
73 48
19 26
8 4
38 35
207 64
512 0
998 7
2 4
790 47
811 44
1017 3
834 22
59 43
838 21
897 21
791 54
48 3
648 65
762 28
720 60
1024 0
1024 0
2 10
644 76
1024 0
50 39
719 60
1024 0
191 56
13 44
55 36
2 0
34 34
27 23
1024 0
173 61
69 46
502 64
287 73
71 44
12 35
1024 0
27 27
145 72
1024 0
96 1
7 10
116 74
1005 3
94 66
9 21
37 14
999 7
5 3
192 1
1024 0
81 66
188 68
1024 0
104 71
964 4
191 70
888 25
634 59
970 8
43 38
1024 0
537 74
467 71
812 5
558 36
975 10
556 83
968 3
4 0
3 9
873 11
19 40
743 52
338 89
1008 1
889 25
235 82
16 6
78 55
1024 0
452 83
768 1
289 74
1024 0
896 1
8 3
487 63
159 55
965 10
60 40
937 17
59 46
540 66
1024 0
10 15
254 79
42 39
277 43
22 5
72 3
16 2
75 47
730 61
7 10
701 57
666 8
27 37
838 23
45 43
40 8
37 21
255 70
359 63
921 23
79 51
410 82
92 67
13 36
1012 2
603 18
350 64
446 81
990 4
610 30
18 41
373 60
102 52
986 5
949 14
58 42
1024 0
1024 0
13 15
381 35
1016 3
289 68
112 16
148 72
1024 0
185 67
764 38
5 7
355 65
758 31
1013 3
479 64
437 74
94 86
221 76
3 9
50 37
1024 0
420 15
1024 0
1024 0
594 66
12 11
17 40
331 33
1024 0
219 66
1006 4
71 32
1024 0
568 68
240 3
40 33
439 54
1000 2
8 15
17 40
1024 0
1024 0
42 39
390 36
708 30
179 64
53 38
49 34
1024 0
253 52
159 66
1024 0
69 54
1024 0
296 67
20 40
34 14
711 38
872 20
158 9
615 35
17 30
282 84
128 0
84 7
70 52
140 66
128 74
22 37
922 3
284 75
1018 2
28 34
31 33
16 41
128 0
15 36
968 3
209 85
43 32
376 79
190 65
64 30
582 54
280 51
45 34
24 35
122 74
320 2
777 32
996 3
920 10
434 22
53 36
215 80
10 14
1024 0
281 74
382 51
17 24
179 57
27 23
116 73
1024 0
1024 0
668 46
75 50
576 2
1024 0
997 7
256 2
517 67
96 42
111 84
787 36
1002 3
463 70
930 18
1024 0
1024 0
26 36
202 79
882 25
721 32
355 58
13 27
75 73
985 8
247 87
676 43
118 74
32 35
40 32
1024 0
1024 0
15 11
920 14
1016 1
1024 0
830 30
461 74
1024 0
860 35
942 14
95 70
642 63
105 41
1024 0
549 33
202 69
10 15
22 36
6 7
799 45
26 34
20 39
103 74
962 5
82 52
210 40
278 64
1024 0
49 41
887 19
96 1
512 0
103 57
562 46
809 24
459 72
737 32
1024 0
990 5
221 46
210 69
240 79
460 78
1024 0
491 77
967 12
47 43
312 86
772 41
288 84
15 25
1024 0
279 77
126 80
932 10
14 35
512 0
287 75
256 0
402 58
1024 0
35 32
90 74
347 76
6 6
116 69
1024 0
8 2
1024 0
768 1
373 91
635 47
568 50
68 41
39 33
378 89
1024 0
1006 5
16 17
525 66
100 53
98 29
1004 6
33 34
1019 2
956 14
28 33
30 34
8 15
225 72
1024 0
1024 0
20 17
384 1
79 53
281 80
61 37
57 41
2 2
32 25
1000 3
1024 0
8 2
1010 3
160 74
129 10
577 78
10 23
11 10
130 38
1024 0
486 71
1024 0
1024 0
372 46
236 64
56 50
64 3
375 35
8 15
248 75
18 33
866 34
1024 0
218 26
42 10
576 4
596 57
99 67
70 61
64 54
777 28
802 51
939 7
256 0
138 64
67 36
917 13
512 11
357 83
64 0
648 69
867 25
40 33
71 36
848 3
1024 0
43 30
9 16
1020 1
1 0
1024 0
967 9
414 78
992 7
351 65
14 27
45 40
92 40
980 9
100 53
1024 0
33 32
1024 0
131 66
785 42
1024 0
185 68
2 10
1024 0
48 3
32 36
962 16
157 67
960 1
1000 2
103 49
365 76
148 73
1024 0
354 53
256 6
699 34
170 64
32 0
218 69
1024 0
128 0
80 49
928 2
1024 0
17 31
631 51
854 29
999 4
19 36
1024 0
4 0
4 0
218 65
36 35
768 1
43 36
424 78
888 29
365 46
39 34
253 102
237 41
288 78
13 44
21 40
147 70
542 51
991 6
189 63
276 104
24 38
2 7
109 65
4 6
13 16
1024 0
1024 0
666 58
1024 0
368 78
20 6
1024 0
35 20
892 6
1024 0
34 36
471 88
625 35
129 40
55 36
1024 0
279 78
176 62
580 38
1024 0
1024 0
54 45
1024 0
8 0
256 0
166 69
17 10
28 33
517 69
101 76
920 5
701 57
138 64
9 8
378 43
376 87
235 62
160 72
47 40
483 57
3 9
47 34
1024 0
657 66
448 2
29 36
90 60
920 5
101 44
28 35
954 11
1024 0
204 71
4 0
27 39
1024 0
729 39
87 44
248 77
438 68
1024 0
1024 0
11 36
41 33
252 62
1024 0
150 68
7 10
869 16
147 50
996 7
474 63
454 76
1024 0
274 64
613 53
1024 0
1 0
1024 0
19 20
1018 2
198 83
988 4
1024 0
13 34
1024 0
948 2
5 3
73 51
853 40
70 46
75 44
1024 0
46 41
8 15
1024 0
1024 0
282 71
704 7
215 74
28 33
466 75
146 66
323 70
249 65
212 6
969 12
943 17
528 20
2 0
732 49
137 34
334 76
256 71
78 64
129 81
34 34
800 45
493 74
1014 2
1019 2
145 65
1 0
2 10
743 24
235 77
640 9
179 71
686 29
1024 0
77 48
524 5
1024 0
368 76
29 34
111 56
128 62
15 26
625 44
110 24
313 91
968 3
11 22
132 50
25 24
7 10
663 25
209 72
727 15
202 64
199 50
47 43
69 64
12 8
147 75
450 52
582 64
303 81
900 15
82 65
1024 0
196 71
1024 0
64 54
88 62
1012 2
48 1
512 0
376 47
345 61
674 51
844 31
894 23
1024 0
1024 0
14 11
171 68
324 77
1024 0
1024 0
72 54
905 25
174 64
68 41
512 0
54 42
1024 0
188 77
1024 0
611 57
821 39
81 58
7 10
7 10
41 37
173 64
36 36
1003 5
4 5
185 75
2 2
431 63
33 31
360 59
292 69
213 68
9 16
240 66
309 78
35 39
58 42
1024 0
1024 0
138 72
125 69
956 5
71 53
253 40
1024 0
256 0
1024 0
41 32
16 41
133 33
1024 0
99 89
1024 0
111 65
416 64
637 64
1024 0
322 33
251 66
1024 0
747 38
1024 0
951 14
14 9
662 51
1024 0
896 1
704 2
217 19
64 54
65 32
704 2
12 6
315 80
652 66
373 73
36 35
404 68
393 65
127 62
768 1
200 69
786 13
994 2
487 71
867 34
712 3
576 73
1024 0
2 0
951 12
51 22
284 72
131 47
109 70
257 80
60 56
29 37
897 21
232 62
47 37
211 68
11 36
710 62
2 7
295 97
6 6
972 4
655 69
1024 0
55 32
1024 0
559 53
768 1
24 1
553 67
714 40
47 40
23 27
288 116
33 33
1024 0
188 32
156 74
992 1
1024 0
110 48
233 69
58 42
164 71
217 74
16 41
785 24
8 4
1000 3
1006 8
530 10
435 29
36 34
103 70
632 68
1024 0
1024 0
1024 0
919 24
573 52
23 37
1024 0
380 77
311 100
967 10
1024 0
648 30
420 66
826 30
49 37
488 76
579 73
95 68
113 63
1024 0
228 68
27 35
250 43
33 32
118 81
729 40
258 85
324 90
925 13
88 65
512 0
279 56
30 34
16 14
69 50
1008 5
1024 0
235 44
23 27
162 66
223 60
519 61
102 43
876 10
874 21
1000 5
312 48
65 53
25 28
320 65
11 29
50 38
1024 0
106 80
60 41
63 37
127 51
1006 4
295 77
89 56
1024 0
740 50
66 41
600 53
128 67
2 0
941 12
189 66
1024 0
65 41
47 38
18 39
370 72
24 35
98 67
1002 4
95 80
1024 0
1024 0
58 35
439 32
983 9
123 66
118 36
479 58
203 67
110 77
1024 0
90 35
22 40
997 5
279 78
1024 0
52 35
40 33
118 76
1024 0
667 71
197 40
126 65
338 97
1024 0
56 21
139 64
964 12
996 6
479 63
140 73
79 72
334 78
76 33
8 12
968 3
797 45
623 65
63 43
1024 0
192 72
102 44
968 14
1024 0
21 38
1024 0
78 33
15 42
471 64
66 38
588 55
904 15
100 45
1018 3
37 34
949 11
123 39
126 63
617 71
130 79
12 14
376 75
946 6
581 66
287 70
65 51
24 5
958 11
982 8
19 26
524 55
18 39
128 30
1024 0
26 5
51 31
80 73
275 81
56 8
64 0
960 1
37 33
2 8
968 16
1024 0
676 62
192 1
961 14
1004 5
649 45
408 54
21 37
38 35
357 83
1016 1
156 72
136 46
795 32
512 0
847 32
798 11
602 61
260 65
20 38
3 9
1024 0
594 42
763 54
844 32
784 14
709 57
962 15
439 82
1024 0
57 45
41 36
101 53
198 61
847 19
1024 0
192 62
9 21
998 7
35 33
19 21
24 1
364 50
265 65
673 60
657 32
49 37
144 1
230 52
1024 0
122 79
306 84
233 77
811 30
4 2
45 32
404 71
1024 0
993 8
788 32
595 52
97 45
70 43
424 69
1024 0
32 0
627 57
171 73
858 17
299 14
229 69
841 25
512 0
627 64
1024 0
368 56
322 93
159 68
427 74
18 41
798 37
1017 3
11 15
504 71
11 27
949 7
522 69
1020 1
205 77
28 35
967 10
2 10
972 4
50 33
907 19
1024 0
1020 1
125 74
29 37
62 45
68 51
952 4
775 50
288 68
224 74
266 62
92 68
26 21
283 92
1024 0
12 20
924 22
100 60
325 107
147 62
1024 0
615 76
257 92
304 85
349 86
544 67
19 34
216 65
418 81
56 39
38 34
414 85
324 83
191 77
75 48
97 45
1024 0
59 40
782 26
405 78
911 9
22 39
823 28
20 26
702 36
1024 0
1 0
22 37
20 38
1024 0
945 13
485 78
213 63
39 34
265 74
719 40
53 36
50 17
976 2
42 36
1024 0
342 59
98 7
1021 2
98 40
1019 2
1024 0
3 9
548 23
602 39
507 78
10 28
142 71
1024 0
419 65
7 10
963 17
336 94
106 58
991 8
723 22
624 72
390 83
17 29
482 36
595 67
688 41
709 43
1 0
512 0
350 86
462 57
966 12
822 20
829 42
315 87
35 26
624 61
7 5
16 0
1024 0
174 37
116 47
1005 3
1024 0
34 34
127 78
994 4
686 44
820 38
856 22
190 82
41 37
134 72
932 18
22 29
1024 0
145 71
105 58
111 49
26 36
1024 0
1024 0
832 2
1024 0
500 75
591 60
19 34
81 76
654 66
768 1
441 89
3 10
867 38
1024 0
804 4
8 15
836 17
667 34
250 81
288 2
656 56
768 1
152 48
100 73
64 0
83 59
61 41
132 74
4 4
512 0
1024 0
33 36
344 68
1024 0
71 54
922 28
19 33
545 60
66 31
49 38
1024 0
993 5
214 50
391 90
774 50
512 0
570 67
924 18
128 79
128 0
4 0
738 35
48 1
1024 0
1024 0
38 32
14 43
221 55
995 6
1024 0
214 77
148 67
110 77
819 33
500 4
8 0
977 6
1024 0
257 74
207 66
6 6
1024 0
69 33
1024 0
374 93
37 34
223 53
960 1
1 0
123 25
53 48
105 56
73 38
114 53
952 15
378 86
508 31
1024 0
479 81
1000 2
179 54
16 23
354 11
1 0
193 71
805 29
536 9
253 60
1012 2
1010 3
481 61
248 71
122 79
384 1
3 9
8 15
608 8
16 0
512 0
289 77
750 38
387 60
72 43
778 45
10 16
165 50
1024 0
256 0
917 5
144 68
31 35
349 83
1024 0
214 64
910 23
768 1
55 38
495 66
5 5
1006 4
29 36
1024 0
637 46
462 76
8 2
38 34
928 20
6 10
1008 1
512 0
15 9
44 34
103 82
88 59
240 8
1024 0
131 65
1008 6
1024 0
297 85
70 58
392 90
457 77
4 0
464 8
273 76
870 17
359 107
739 59
65 35
1024 0
162 70
111 71
211 71
77 61
424 26
185 76
523 71
1006 2
145 58
27 35
406 47
306 107
1024 0
52 40
1008 1
76 45
10 20
975 15
720 2
20 14
492 72
68 53
1024 0
896 1
205 63
22 37
29 34
1024 0
1008 3
241 70
127 72
1024 0
1024 0
47 33
759 41
91 66
896 1
5 3
146 57
82 68
169 69
44 40
1024 0
136 63
13 44
16 27
135 62
22 22
1024 0
141 57
789 45
19 39
273 73
731 55
1024 0
1024 0
206 67
443 31
1024 0
1024 0
315 27
951 17
964 4
120 43
739 45
245 22
339 67
215 78
114 33
305 76
841 31
42 24
9 21
78 65
17 40
1024 0
779 47
104 70
896 11
395 90
107 16
35 10
122 70
1024 0
976 2
195 70
28 29
4 0
125 74
1024 0
262 96
131 50
192 1
278 71
1024 0
28 32
769 12
1024 0
51 18
154 68
140 71
53 37
24 31
4 0
312 85
891 18
492 83
62 50
651 72
592 61
27 36
704 59
1024 0
119 82
905 21
170 73
871 23
75 32
839 30
444 73
469 77
1024 0
1024 0
1024 0
1024 0
7 5
1012 2
1024 0
1024 0
196 82
98 73
33 19
299 30
241 80
308 78
910 22
256 54
961 13
154 67
741 43
522 71
867 32
16 34
1024 0
829 24
430 74
616 45
620 46
261 83
909 20
29 32
8 11
50 41
26 30
691 63
233 82
775 20
893 15
379 85
231 65
928 2
910 22
327 76
988 8
138 68
84 65
1024 0
22 38
1024 0
48 40
407 80
21 38
39 37
145 70
29 34
528 59
7 3
34 34
222 66
864 2
47 27
3 9
640 2
1024 0
879 20
6 4
77 64
88 56
18 35
258 72
390 83
155 70
34 33
443 77
12 35
33 35
1024 0
604 50
28 9
512 0
1019 2
512 0
1024 0
78 53
360 78
39 31
89 42
151 49
21 26
1024 0
592 8
19 38
1024 0
16 0
128 2
1024 0
253 85
984 9
1012 2
919 22
623 62
42 33
18 33
253 14
567 68
390 70
980 12
94 75
1014 5
748 54
992 1
1024 0
623 61
385 73
89 78
855 35
16 33
399 88
412 55
896 1
114 63
994 7
17 22
38 36
991 9
15 42
15 30
846 13
494 76
624 72
125 48
162 67
931 9
981 8
551 59
12 5
776 37
165 67
23 37
561 59
150 69
24 36
1024 0
158 67
512 0
559 60
132 57
1016 1
24 14
105 72
70 65
82 67
1024 0
979 14
13 25
37 33
278 93
373 69
198 70
48 39
569 70
89 44
343 96
198 56
928 6
811 13
38 31
246 92
111 57
960 14
62 41
93 57
1016 3
1004 2
960 1
76 61
39 33
156 62
51 30
40 36
176 67
947 19
1016 1
820 4
421 72
1024 0
89 52
840 39
34 32
63 54
922 25
160 52
9 14
326 95
709 44
604 78
1024 0
288 54
1024 0
980 3
1024 0
1024 0
56 38
38 33
577 68
848 37
86 72
198 76
5 2
1024 0
916 7
149 65
115 81
512 0
194 74
93 70
112 42
988 6
278 86
13 44
464 77
1024 0
707 63
594 76
891 27
156 25
478 43
249 75
58 41
216 57
28 35
976 6
225 74
1024 0
67 56
143 74
4 0
21 37
64 0
26 35
25 29
986 5
950 7
708 16
201 32
637 41
365 94
826 13
147 54
827 20
241 68
785 25
1024 0
1024 0
132 62
976 2
339 61
36 16
73 35
234 55
412 75
1024 0
744 2
80 3
99 60
384 28
832 2
321 73
96 55
792 7
231 66
398 75
12 35
1024 0
150 5
294 63
1024 0
587 61
67 39
43 6
1002 3
1024 0
128 0
394 84
137 66
1 0
48 1
388 68
1024 0
33 20
202 35
18 32
2 0
9 16
1024 0
918 20
16 29
816 48
8 17
75 63
10 20
832 2
31 31
981 13
32 25
897 13
34 35
752 59
384 91
379 71
351 79
28 32
1012 2
31 18
832 40
888 27
1012 2
512 0
768 1
864 25
880 4
455 30
267 106
43 37
1024 0
1024 0
962 9
600 4
13 28
128 0
859 31
245 86
169 59
345 61
1022 1
954 16
924 4
10 22
38 30
111 34
948 3
559 77
256 0
121 59
316 9
368 2
91 57
1024 0
803 23
281 77
847 28
714 64
512 0
941 17
274 94
24 4
44 38
1024 0
27 23
583 35
497 66
243 88
108 60
374 70
60 11
1019 2
866 5
1024 0
1024 0
805 48
116 78
1024 0
156 60
806 38
1024 0
19 7
480 8
65 54
960 1
278 66
552 33
454 72
624 60
6 6
297 80
1024 0
558 21
462 37
283 92
430 65
768 1
73 47
35 36
78 60
902 24
29 27
340 58
2 3
307 78
996 3
988 4
43 37
178 71
69 50
124 66
938 16
8 2
1024 0
1024 0
240 73
1024 0
619 59
1024 0
82 52
1015 2
725 59
922 9
66 49
1024 0
78 53
1013 5
1024 0
561 45
266 83
18 2
33 16
862 8
405 92
600 10
17 24
159 63
88 52
309 83
60 52
57 40
13 28
560 32
849 36
45 36
960 1
320 89
54 52
1018 2
901 11
912 24
46 10
457 52
142 66
55 33
819 18
165 60
378 97
10 22
751 23
218 81
68 37
264 61
9 21
910 13
155 73
9 21
2 2
214 79
704 58
32 0
680 7
64 50
37 33
110 20
512 0
95 65
204 9
1024 0
23 39
92 70
672 8
8 4
832 2
195 72
124 6
13 34
4 4
1024 0
395 79
644 41
1024 0
786 46
31 35
77 41
384 1
206 63
4 0
85 66
63 37
334 90
1024 0
550 32
16 35
8 0
854 5
33 32
1006 4
882 24
1018 2
683 53
1024 0
149 75
999 9
433 77
64 60
76 50
938 14
6 6
974 11
66 5
180 58
890 23
622 66
7 12
128 0
49 39
963 9
115 68
576 2
484 19
536 70
463 82
1024 0
740 24
64 2
25 37
768 1
1024 0
1018 2
19 41
19 41
1024 0
914 25
272 23
508 78
16 34
1024 0
491 44
3 9
256 0
27 38
617 59
215 56
231 84
40 34
184 3
580 61
387 56
295 63
1024 0
1024 0
1024 0
37 32
896 1
111 83
258 81
144 5
1024 0
20 9
1024 0
26 35
519 68
1024 0
1016 1
275 76
817 31
46 33
357 84
40 32
740 9
103 74
904 2
168 70
893 20
1024 0
213 74
71 52
29 34
149 31
88 65
445 84
203 67
286 77
1024 0
160 4
68 43
391 90
1024 0
1024 0
105 64
167 46
1024 0
581 73
1024 0
137 48
759 50
1024 0
1024 0
609 54
1024 0
64 0
1024 0
19 29
120 48
55 51
677 17
57 45
21 19
1024 0
966 6
745 46
1024 0
436 55
1 0
53 39
277 90
89 66
755 42
941 12
2 0
172 58
28 36
959 15
989 8
823 33
184 32
595 66
180 70
152 75
16 31
569 74
128 23
1024 0
16 2
807 18
849 37
28 34
56 37
1022 1
69 20
4 0
20 38
14 43
222 80
7 7
241 64
490 83
12 35
1024 0
911 10
300 79
34 34
14 4
45 30
853 7
640 2
104 53
9 12
448 74
243 84
99 42
1 0
77 65
362 56
698 35
41 34
980 7
32 0
39 36
661 24
405 69
140 41
626 55
1024 0
49 24
486 76
101 45
5 3
32 0
733 52
806 38
368 73
124 75
5 3
41 34
855 23
931 18
100 75
988 2
512 0
85 44
11 21
1024 0
996 5
8 5
733 48
948 7
300 46
948 21
812 47
976 2
110 72
1024 0
1024 0
789 34
9 21
283 66
1024 0
279 103
1024 0
782 9
258 103
202 13
512 35
515 72
44 31
333 66
73 36
1000 2
1024 0
98 72
32 0
338 83
2 4
49 35
82 76
76 71
147 71
541 64
1024 0
640 2
227 84
120 4
63 44
355 82
189 63
352 73
559 56
619 73
1020 1
202 79
951 11
693 63
1 0
1024 0
1024 0
1024 0
160 4
1016 1
582 65
960 1
332 86
596 57
434 69
163 72
35 34
630 53
35 34
896 1
13 26
48 3
1024 0
1024 0
334 85
499 75
81 72
1024 0
112 60
70 39
28 37
128 0
769 48
1 0
373 88
1024 0
939 17
20 38
1024 0
388 37
49 34
442 32
1024 0
187 61
99 58
140 68
598 71
234 82
795 44
12 13
981 10
129 48
1020 1
879 34
48 41
24 36
448 1
1024 0
963 14
515 50
122 70
117 61
896 3
573 66
1024 0
588 60
99 46
377 45
33 34
59 38
89 52
1024 0
876 24
87 35
164 64
718 59
1 0
454 20
781 42
416 39
27 38
25 36
363 37
524 76
1024 0
875 20
38 31
40 40
648 70
359 66
12 11
1024 0
1002 5
18 35
733 40
881 21
1024 0
991 9
655 48
140 70
195 76
747 57
392 78
537 48
1024 0
635 54
21 28
429 84
35 32
44 30
137 56
28 34
4 3
985 10
1024 0
1024 0
381 78
897 23
732 61
196 67
1024 0
18 35
119 67
693 54
904 14
340 89
64 2
60 51
1024 0
222 77
1024 0
96 1
16 41
216 81
64 4
60 46
393 51
1024 0
494 65
45 37
890 23
1024 0
1024 0
19 29
1024 0
1024 0
1024 0
482 74
1024 0
508 56
249 73
240 73
315 69
7 10
571 72
22 36
62 34
195 80
95 40
1004 5
870 30
937 15
949 18
212 70
717 45
71 36
82 3
768 1
35 34
565 62
5 2
1024 0
976 2
8 0
161 68
114 69
669 50
18 15
578 11
1024 0
1005 3
341 94
173 71
272 90
1024 0
275 97
84 80
24 26
239 63
435 76
104 38
982 3
639 42
2 6
583 50
38 32
1024 0
1024 0
1000 2
54 23
662 9
18 34
1024 0
145 65
120 76
415 87
558 32
197 73
232 62
976 2
512 0
867 24
896 1
20 38
74 45
1024 0
12 13
161 64
28 32
85 68
494 69
360 42
1024 0
475 15
137 73
480 78
648 77
28 35
1005 6
632 63
512 0
11 22
317 89
1017 3
343 61
12 13
25 37
1024 0
1024 0
281 67
1024 0
24 30
746 40
44 36
114 49
101 67
696 24
24 37
992 1
1024 0
31 32
990 7
974 4
417 80
70 57
810 41
23 34
6 6
13 34
266 78
791 31
1024 0
482 66
37 34
444 81
22 37
219 73
725 22
968 13
1005 5
15 24
1024 0
555 19
24 3
148 69
128 78
176 76
301 62
124 47
309 64
149 66
84 26
6 4
942 6
1016 1
316 77
1024 0
185 69
309 76
159 51
188 85
1015 4
555 67
407 77
27 35
1024 0
1024 0
773 32
859 21
168 19
128 0
116 9
4 5
952 4
952 14
142 70
243 75
1024 0
1016 1
1024 0
30 31
320 42
643 46
997 6
1 0
654 32
79 33
1024 0
21 37
1024 0
36 22
183 70
904 4
992 1
1024 0
506 68
1024 0
397 79
1024 0
200 68
17 40
125 55
950 17
958 10
602 8
40 34
599 66
708 28
8 0
90 71
766 52
623 33
1024 0
20 39
266 94
244 16
555 41
415 74
1024 0
118 53
96 1
911 28
1024 0
556 57
60 41
365 49
283 76
75 59
21 13
31 38
27 34
498 45
189 64
1006 2
365 57
114 12
922 8
1024 0
10 8
11 28
833 19
462 70
7 10
996 3
415 65
1024 0
253 88
257 72
1012 2
852 6
66 54
91 46
98 66
1004 3
29 15
151 58
32 0
992 11
109 61
65 64
305 52
787 40
1024 0
960 1
131 26
994 4
139 73
158 55
792 4
118 65
1024 0
317 87
99 50
1019 2
653 69
76 59
874 30
393 72
880 4
74 50
75 54
75 64
39 37
976 4
120 13
30 34
17 41
1024 0
1018 2
53 40
50 40
295 75
215 56
638 50
3 9
1024 0
848 30
165 65
709 49
21 16
264 50
876 8
1024 0
12 1
350 93
8 11
358 75
1024 0
188 73
8 9
385 58
395 61
86 60
1024 0
947 11
1024 0
448 42
30 14
1024 0
404 56
56 47
598 62
1007 5
276 88
56 42
983 7
981 9
1024 0
1024 0
1016 1
55 41
167 64
53 29
723 46
25 12
1024 0
44 35
1024 0
192 1
930 12
984 10
14 3
46 32
348 32
752 9
404 55
976 2
492 83
998 5
152 70
186 54
1024 0
48 29
46 41
6 4
993 5
90 32
236 14
108 8
239 82
1024 0
1024 0
45 47
1024 0
208 45
822 20
788 4
20 38
599 75
711 46
18 33
512 34
1018 2
1024 0
208 62
1005 5
437 89
93 64
876 31
285 93
38 34
645 51
25 34
992 1
20 38
146 68
20 39
137 73
20 38
833 35
69 37
768 1
4 5
1024 0
240 5
1024 0
672 57
204 72
117 48
88 57
949 16
64 0
134 43
1024 0
363 72
15 20
919 19
9 14
67 49
684 59
992 3
932 13
400 78
41 32
277 61
914 24
256 0
164 74
1016 1
4 0
1024 0
686 49
1024 0
396 76
1002 3
276 84
30 27
23 15
56 38
529 73
26 37
991 5
803 36
1024 0
1024 0
90 47
956 4
818 13
81 69
215 13
69 82
1024 0
12 6
36 34
500 6
279 59
192 77
864 2
242 56
755 39
21 12
14 6
1024 0
268 97
960 1
7 12
28 36
1024 0
708 50
361 86
1024 0
122 77
63 39
293 108
35 32
18 36
307 29
420 54
12 18
148 75
165 69
532 71
1012 2
1024 0
664 25
11 15
32 2
1024 0
182 72
593 68
115 49
43 38
1024 0
432 80
33 33
805 47
279 38
18 40
1024 0
358 80
294 76
958 6
4 0
1024 0
44 32
924 22
18 8
588 30
81 56
1002 5
995 4
304 9
396 70
228 23
258 7
27 28
183 69
18 6
23 19
859 25
16 28
1024 0
246 88
79 42
11 27
125 66
61 63
587 24
92 54
357 65
913 25
787 51
9 21
902 23
100 65
690 62
443 53
265 88
1024 0
233 83
1024 0
65 74
120 60
225 64
415 58
64 0
206 70
1024 0
57 31
56 29
7 10
63 40
23 37
96 1
11 12
683 48
59 47
1024 0
960 1
729 41
250 89
2 5
8 17
136 63
218 65
1024 0
46 27
78 32
1024 0
463 75
1024 0
1024 0
12 1
73 51
85 42
16 18
86 41
29 32
1024 0
273 85
794 37
250 76
332 97
205 67
572 81
261 94
421 10
2 10
20 40
704 63
991 7
472 71
47 19
992 1
746 34
34 38
176 21
192 7
128 0
156 69
588 76
39 17
1024 0
30 34
790 44
441 72
28 19
22 36
14 8
952 9
576 79
375 55
225 49
737 56
768 1
116 87
1024 0
794 38
968 7
832 2
1024 0
89 39
15 21
113 61
182 60
1024 0
116 67
944 17
684 45
15 42
79 59
2 0
3 9
59 44
97 65
271 87
124 70
911 22
909 23
525 70
832 2
8 15
64 37
109 66
175 64
29 33
13 14
10 22
160 72
5 3
704 63
242 92
342 108
77 50
395 66
44 32
768 1
473 55
995 7
245 86
1015 4
91 74
12 23
80 2
36 34
998 7
247 92
520 60
143 59
1024 0
877 22
4 6
70 61
338 99
540 60
332 69
969 15
18 28
27 33
1000 2
242 89
825 45
41 35
662 57
865 16
1024 0
1024 0
628 6
50 24
1024 0
132 71
16 25
512 48
1009 4
1024 0
9 12
391 75
868 2
1012 2
42 35
25 33
14 19
1024 0
1024 0
1024 0
410 11
50 30
52 41
243 78
283 27
1024 0
138 62
6 1
159 71
7 6
460 72
12 15
930 19
1024 0
816 30
38 33
1024 0
112 74
161 61
696 58
1024 0
254 59
455 27
918 18
121 38
625 41
31 33
35 33
940 6
131 77
13 36
32 0
4 5
994 6
1024 0
944 2
93 66
890 19
72 47
245 69
517 66
20 31
1024 0
16 0
39 38
156 43
376 74
16 0
79 47
222 57
27 34
1024 0
1024 0
361 38
39 31
716 45
524 6
194 17
150 16
943 14
38 33
63 47
11 36
343 77
355 81
426 16
581 76
16 41
312 62
115 64
512 0
219 63
290 90
388 82
1 0
23 37
498 16
253 47
968 13
41 37
40 2
282 69
1016 1
879 34
134 78
55 34
405 84
12 3
121 60
952 11
1024 0
577 73
332 86
48 40
805 28
191 65
45 40
621 32
394 84
1024 0
1018 1
1007 4
1012 2
336 6
24 37
790 21
296 68
238 51
942 23
1024 0
28 34
780 39
256 0
658 53
183 41
1019 2
41 33
423 58
873 32
1024 0
992 1
492 46
65 46
112 51
562 44
1 0
818 46
3 7
4 0
921 16
34 33
4 2
215 68
122 77
627 33
295 102
50 40
984 2
152 61
211 69
16 42
838 36
735 53
670 72
8 0
512 0
1002 3
148 74
988 8
55 47
193 79
1012 2
43 38
384 91
192 53
36 33
342 69
154 7
144 71
6 8
18 40
7 4
44 35
492 9
23 35
367 66
729 31
169 74
569 70
996 4
4 0
2 10
20 38
816 3
1024 0
816 26
1024 0
545 65
951 12
1024 0
988 10
1024 0
586 61
35 35
1024 0
980 7
512 0
740 43
1024 0
2 9
223 70
405 68
439 47
566 61
896 1
297 87
989 6
995 7
13 7
23 36
22 38
997 4
1024 0
1024 0
256 0
946 16
6 6
128 0
896 1
171 54
182 51
245 65
444 73
269 41
16 23
114 77
1024 0
80 48
98 66
102 31
620 25
349 88
4 0
1024 0
46 44
1024 0
887 17
456 68
100 23
1024 0
640 20
160 70
1024 0
209 74
54 38
179 46
976 10
654 63
42 35
230 60
1024 0
352 78
1009 4
4 0
340 85
577 64
18 8
408 75
192 21
214 68
31 35
62 44
1024 0
296 35
19 22
512 0
936 21
935 23
1024 0
49 42
68 53
1024 0
108 37
350 90
1024 0
31 34
770 29
1024 0
80 63
434 13
971 8
1024 0
62 61
63 52
1024 0
24 30
101 52
1024 0
1024 0
289 83
311 94
1024 0
745 54
133 62
752 43
1024 0
843 42
68 44
63 52
7 10
480 5
1024 0
588 65
131 66
998 4
971 10
1024 0
11 7
417 73
198 70
384 1
1001 5
983 6
1024 0
734 36
132 72
70 52
1024 0
362 87
11 6
62 52
1024 0
1024 0
990 10
12 26
1024 0
819 37
13 35
120 3
1013 5
230 85
1000 2
79 33
1024 0
25 25
71 34
1024 0
588 63
317 68
322 101
24 3
1024 0
508 83
148 67
85 52
124 81
321 83
968 3
325 30
350 55
1024 0
1024 0
93 50
710 36
1024 0
80 49
768 1
81 80
136 70
42 36
76 56
132 37
97 43
43 32
1017 3
293 64
185 49
991 8
111 60
58 37
40 2
963 17
922 15
55 45
504 66
91 61
224 1
1024 0
402 50
851 20
292 24
833 30
123 67
58 32
345 65
725 43
1024 0
784 23
64 49
1024 0
236 77
125 70
534 18
2 0
18 39
1 0
879 7
227 87
694 29
988 4
4 0
653 45
357 96
130 5
892 25
59 39
2 0
1012 2
153 72
952 4
617 24
8 10
1018 2
150 68
1024 0
1024 0
20 27
168 58
859 15
163 61
202 66
202 64
891 18
128 0
722 53
441 71
985 8
4 0
30 28
255 61
768 1
1024 0
429 76
672 2
1024 0
7 4
121 70
192 1
1 0
674 12
20 38
11 7
613 53
114 75
501 26
1024 0
1024 0
168 2
14 35
1024 0
1024 0
117 71
424 80
389 81
515 33
434 40
770 10
81 66
261 71
23 39
529 70
759 44
526 73
542 63
4 0
643 70
89 87
482 60
87 55
736 48
1 0
25 38
868 20
983 13
22 24
454 49
155 62
937 16
144 16
39 34
1024 0
210 78
853 21
420 62
364 66
50 47
1024 0
659 41
21 36
1024 0
8 2
105 68
1024 0
404 88
561 71
419 34
1 0
626 62
1024 0
23 39
101 47
73 40
1024 0
154 66
938 19
194 42
14 9
26 33
486 67
771 46
52 32
344 75
413 83
922 7
271 80
163 69
830 7
1024 0
34 28
20 18
939 19
160 65
976 2
1024 0
364 43
8 15
940 16
102 75
56 43
340 100
713 43
7 10
282 74
576 2
66 47
57 37
791 30
81 51
1024 0
29 34
964 6
434 78
117 74
146 74
10 8
85 56
1024 0
851 29
703 25
192 1
24 37
54 36
67 40
66 48
639 55
867 28
105 77
1024 0
20 24
876 25
37 36
256 72
144 37
1024 0
49 36
28 36
47 37
1024 0
157 60
153 69
484 74
16 34
50 31
167 70
71 39
1024 0
170 74
54 31
38 30
77 77
858 10
57 37
960 1
1024 0
34 32
334 87
5 3
731 53
1011 3
5 9
1024 0
1024 0
1024 0
61 35
686 50
2 10
1020 1
240 72
496 80
4 5
633 53
363 16
139 75
386 60
1024 0
512 0
1024 0
4 6
508 53
512 0
435 80
10 20
623 39
20 26
4 3
559 21
377 66
88 45
399 73
83 62
992 1
246 80
1024 0
32 35
837 37
1024 0
172 64
992 11
8 2
318 76
615 62
224 67
144 74
69 50
251 93
776 5
39 38
916 18
3 3
397 84
81 55
94 77
1024 0
190 72
1024 0
907 32
477 41
34 35
25 30
1024 0
315 82
231 78
722 54
31 36
922 21
51 41
16 2
36 35
235 72
740 59
815 18
13 36
269 58
270 86
199 55
108 6
333 78
1024 0
703 28
40 35
673 64
343 67
825 38
1024 0
16 18
788 34
314 72
41 35
2 10
27 36
1024 0
8 0
11 8
24 28
496 66
17 41
12 3
1024 0
1024 0
25 22
480 54
1024 0
998 5
954 7
987 8
771 44
80 41
6 7
320 72
1024 0
2 10
394 17
681 23
290 74
277 87
143 65
246 81
88 60
1024 0
202 72
61 46
342 94
2 7
16 0
8 0
135 70
768 1
44 34
282 66
104 53
16 0
104 23
110 76
68 44
406 79
704 51
35 33
63 32
992 1
91 37
16 41
14 43
73 38
31 33
22 18
11 36
972 9
440 73
482 79
90 70
131 58
101 59
966 8
306 73
18 41
1024 0
18 40
474 75
25 38
513 71
106 79
876 25
360 41
1016 1
30 34
605 54
1024 0
1018 2
1024 0
831 44
10 30
1024 0
171 23
768 1
8 2
65 52
28 29
844 38
12 22
1024 0
8 15
172 72
45 35
46 40
252 57
797 40
17 23
986 11
40 33
20 38
127 69
41 34
1024 0
448 1
137 72
1024 0
88 34
181 42
324 83
1024 0
680 7
425 70
248 67
193 67
46 33
984 13
320 1
13 44
95 73
1024 0
336 86
1024 0
96 66
92 59
326 41
203 72
967 14
1024 0
128 2
756 45
620 58
55 45
37 35
72 56
1024 0
51 42
1003 3
1024 0
1024 0
184 40
1024 0
17 41
202 72
4 5
48 36
889 27
16 32
72 48
1024 0
56 48
768 1
339 75
856 38
862 9
793 49
907 19
220 79
995 9
1018 2
294 56
486 35
246 29
24 25
847 30
256 2
1024 0
358 82
344 81
1024 0
97 31
985 6
580 72
29 35
604 75
1024 0
1024 0
15 28
3 3
21 40
1024 0
1024 0
298 88
63 52
2 2
1024 0
848 37
172 59
1024 0
132 50
62 49
32 0
360 91
205 70
38 29
380 6
200 32
154 68
20 3
608 70
756 37
30 34
202 75
993 6
31 33
24 35
1024 0
603 68
8 0
36 36
571 39
31 35
323 49
314 94
27 33
557 44
25 35
4 0
1024 0
818 25
706 62
356 9
383 85
581 27
118 75
1024 0
1024 0
808 29
81 65
988 2
81 36
271 77
23 38
931 16
44 19
91 77
60 54
253 79
716 10
354 23
599 35
768 1
118 78
4 0
12 22
501 86
176 66
109 72
1024 0
256 67
206 62
1008 4
40 3
1024 0
368 62
513 12
285 44
964 4
339 47
33 35
1024 0
81 59
475 92
466 74
25 33
5 3
589 66
378 81
709 14
467 86
1024 0
81 66
744 39
174 47
1024 0
241 78
198 70
1024 0
35 29
584 29
11 36
2 10
297 73
47 38
946 12
770 42
685 53
973 6
6 5
192 1
277 88
1 0
986 12
651 64
205 37
14 36
256 0
176 70
16 25
34 32
768 1
559 69
1024 0
1024 0
1009 6
14 44
214 64
204 64
1020 1
1024 0
1024 0
314 68
126 62
904 27
7 10
4 0
1020 1
101 69
257 75
263 81
1018 2
17 40
142 71
1024 0
759 46
15 14
48 30
799 32
51 38
1024 0
295 64
721 51
916 12
43 38
49 36
487 68
848 19
139 68
756 50
35 32
107 48
137 62
739 54
13 8
14 29
17 32
11 27
261 82
488 56
209 74
8 0
1024 0
82 15
1 0
1024 0
366 97
973 7
587 62
95 64
1018 2
6 4
750 28
1024 0
103 43
198 73
438 48
1024 0
1024 0
1024 0
642 73
72 50
116 15
13 30
13 28
138 49
476 72
5 3
67 37
21 38
198 62
38 33
1024 0
265 66
15 23
101 46
933 16
917 24
711 51
1014 2
169 66
255 68
107 71
75 24
72 52
2 0
648 49
1024 0
696 63
768 1
668 24
1024 0
604 48
772 41
2 10
851 8
726 40
739 19
1024 0
8 0
128 0
74 29
1024 0
824 31
1024 0
28 35
6 6
730 12
481 40
119 55
244 74
852 10
1024 0
992 9
128 0
424 64
994 7
488 33
165 66
94 70
52 19
499 61
117 36
128 0
155 55
91 74
1024 0
1000 2
978 7
832 2
24 30
32 35
1024 0
394 67
763 50
14 27
1024 0
1024 0
1012 2
179 59
604 42
890 35
13 34
1024 0
204 58
330 80
28 35
88 73
270 87
1012 2
900 2
12 1
428 54
104 45
5 8
29 37
144 53
27 30
18 28
6 6
848 22
1024 0
750 41
1024 0
579 70
665 68
71 40
779 47
325 96
689 37
4 5
7 10
815 30
32 0
573 74
477 81
833 37
1024 0
4 0
64 0
33 35
8 7
22 39
2 0
920 25
1024 0
445 73
48 35
828 17
1024 0
32 0
2 6
51 47
1014 2
53 33
1024 0
243 66
410 70
442 82
2 5
492 55
893 22
3 9
20 40
1024 0
994 4
1000 7
335 66
256 0
375 78
642 24
26 9
48 38
17 17
145 47
715 28
12 21
145 45
348 80
29 18
12 11
1024 0
986 10
16 41
234 64
38 33
673 55
759 47
122 80
113 83
768 1
993 8
138 73
637 38
8 4
138 76
219 77
16 41
1024 0
944 16
268 85
885 26
898 20
93 77
391 64
1024 0
601 52
928 2
154 27
533 33
907 18
155 69
53 12
10 28
536 62
249 98
103 64
180 3
516 68
1000 2
999 7
127 62
313 65
1024 0
1 0
1024 0
73 47
663 45
57 22
145 35
1 0
962 18
993 7
47 35
1024 0
1024 0
104 59
193 57
8 15
2 10
261 67
141 65
36 2
405 74
22 35
808 3
169 64
231 77
768 1
33 33
4 9
1024 0
448 73
48 5
614 36
12 10
693 50
534 71
879 32
830 29
106 64
274 83
