102 46
207 65
872 47
358 99
778 45
162 61
22 36
1024 0
666 71
1024 0
35 33
88 66
624 71
86 72
1024 0
45 41
22 32
807 31
102 83
1024 0
1024 0
1024 0
630 52
1024 0
41 36
1024 0
1024 0
1024 0
97 81
1024 0
1024 0
496 81
85 74
116 80
1024 0
214 46
48 43
97 89
520 86
39 33
1024 0
1018 2
1024 0
680 8
1018 2
292 84
1024 0
431 70
55 51
524 54
43 44
24 36
1024 0
573 72
416 92
1024 0
941 25
1024 0
1024 0
32 34
42 32
1024 0
23 37
1022 1
891 31
121 74
363 91
892 36
1024 0
1010 3
1024 0
16 33
1024 0
1024 0
1015 4
984 2
768 61
1011 4
857 35
897 18
316 92
28 36
1024 0
182 64
807 38
1024 0
33 29
965 22
780 54
1000 10
424 74
1024 0
268 114
77 83
108 78
786 50
1024 0
768 1
1024 0
945 22
41 34
269 93
1024 0
933 15
724 63
1024 0
347 90
940 24
282 55
17 41
1024 0
70 66
1024 0
74 91
700 59
555 112
30 33
118 80
650 31
844 47
621 70
900 26
1024 0
395 88
84 47
453 54
64 53
52 46
806 41
687 66
898 19
65 71
75 78
17 41
72 39
1000 2
450 85
138 74
987 13
647 63
161 29
678 71
166 56
83 77
1024 0
58 44
989 16
1024 0
363 82
928 10
1024 0
1024 0
1024 0
545 73
455 73
367 86
1024 0
430 12
430 87
1017 3
690 29
1024 0
638 68
883 24
813 42
1024 0
448 72
997 9
864 9
768 1
1024 0
509 71
21 37
1024 0
916 21
74 56
654 79
1024 0
128 76
830 3
918 31
13 36
1005 9
56 50
1024 0
19 39
46 42
1024 0
1024 0
408 85
11 38
111 77
1024 0
1024 0
915 26
1023 1
658 71
1024 0
1024 0
1024 0
101 80
27 37
177 75
379 96
97 53
1020 1
1024 0
1019 2
1024 0
986 11
429 85
981 11
610 81
1024 0
900 34
276 89
1024 0
304 108
146 73
592 82
46 34
1024 0
134 74
903 33
132 76
715 62
12 45
243 116
565 52
1024 0
1024 0
1024 0
179 72
21 38
350 85
262 86
1024 0
992 13
891 23
489 79
277 89
119 73
1024 0
887 31
1024 0
1024 0
1024 0
1010 8
1024 0
960 1
515 73
26 34
494 101
47 41
408 85
792 51
1024 0
906 31
1024 0
1024 0
718 73
443 77
306 90
705 65
151 67
1024 0
950 18
1024 0
428 89
223 77
29 35
84 60
999 9
1024 0
913 31
535 97
1018 2
593 52
1024 0
191 66
547 94
36 34
1024 0
29 31
1016 2
1024 0
256 88
23 35
893 30
268 107
1024 0
1024 0
13 44
28 25
325 104
1024 0
1024 0
28 36
53 59
886 37
79 62
19 38
3 9
1024 0
346 39
592 87
127 68
1024 0
1024 0
211 85
997 8
1024 0
1024 0
298 109
527 105
1024 0
1024 0
28 35
182 48
776 9
808 45
26 36
800 46
870 37
1024 0
1020 1
126 73
1024 0
398 83
424 82
1024 0
794 42
1024 0
1024 0
1024 0
109 66
65 59
505 91
1024 0
54 41
517 76
628 88
77 77
1024 0
1024 0
1024 0
80 69
485 97
147 73
1024 0
898 20
44 41
1024 0
756 49
263 83
218 59
790 56
41 35
1024 0
989 10
484 67
1024 0
488 74
20 39
93 71
48 42
1024 0
841 43
375 87
435 91
914 36
60 52
297 95
886 21
898 33
743 47
1024 0
1024 0
957 22
412 82
34 32
959 12
81 83
1024 0
482 55
1024 0
1024 0
230 85
41 33
632 70
46 38
38 34
17 40
1024 0
1024 0
1024 0
1024 0
86 28
374 93
420 75
125 73
887 22
32 36
1024 0
71 65
1016 3
349 55
152 63
983 11
24 36
59 17
1024 0
536 77
613 81
535 61
343 32
82 79
916 25
961 16
804 35
264 113
1024 0
746 42
1024 0
96 84
976 2
797 46
1024 0
1024 0
567 70
84 81
899 31
459 59
1024 0
1024 0
917 19
1024 0
128 73
1008 3
95 90
1023 1
38 35
321 88
19 38
1024 0
29 33
1024 0
236 25
482 85
1013 3
1024 0
17 40
503 68
584 85
928 2
1024 0
402 79
65 49
1024 0
243 96
1024 0
78 44
999 10
224 65
648 70
948 18
1024 0
1024 0
1024 0
1024 0
329 93
410 77
3 9
867 35
280 84
876 37
1024 0
412 89
761 47
179 73
1024 0
98 11
38 33
827 10
421 73
548 78
1024 0
1001 8
256 86
13 44
369 95
539 52
639 70
1015 4
113 82
1024 0
498 72
1014 2
1024 0
61 60
18 39
672 73
1024 0
55 51
1024 0
49 39
559 92
87 66
1024 0
363 101
878 34
1001 7
1024 0
1024 0
1024 0
1012 2
38 35
844 32
218 62
206 76
857 52
1024 0
545 37
979 9
98 79
237 74
197 71
227 72
458 38
225 90
54 42
1024 0
747 60
1024 0
1024 0
158 71
643 74
235 87
1024 0
37 29
651 81
1024 0
250 89
1024 0
524 64
150 67
95 42
1024 0
906 24
1024 0
1004 6
194 76
490 69
1024 0
27 33
155 69
1024 0
136 76
1024 0
200 76
1024 0
185 74
1024 0
237 80
1024 0
1024 0
188 81
540 93
974 17
992 16
1024 0
199 71
53 33
1024 0
644 72
65 73
1024 0
200 66
295 89
29 37
147 70
168 69
1024 0
1008 3
1024 0
1012 2
35 34
1024 0
566 91
20 39
475 79
214 85
15 42
248 109
1024 0
428 82
252 74
430 88
203 73
1024 0
403 78
112 57
1024 0
1024 0
2 10
1024 0
359 91
21 40
180 70
41 31
27 36
1024 0
293 108
52 51
445 87
1024 0
220 67
304 97
442 86
909 23
78 87
1024 0
238 59
708 10
33 31
975 21
1024 0
436 83
818 49
351 71
20 37
612 20
104 85
279 90
973 15
1024 0
82 60
172 77
1024 0
32 35
1024 0
85 53
78 41
224 69
992 6
832 2
1024 0
1024 0
968 16
154 62
671 55
61 54
1024 0
1024 0
1012 2
861 17
63 46
1024 0
1024 0
59 36
56 34
984 11
1024 0
1024 0
1024 0
922 12
1024 0
132 50
711 62
654 83
1024 0
1024 0
100 85
40 36
992 5
1024 0
987 10
505 96
52 30
1012 6
536 74
1024 0
178 75
213 58
1024 0
898 32
93 76
72 71
415 76
1024 0
72 67
507 59
397 92
430 89
839 29
1024 0
35 39
1024 0
615 86
1024 0
31 34
59 35
735 33
350 103
1022 1
1024 0
880 4
224 42
1024 0
1020 2
1024 0
33 37
1021 2
134 71
669 72
933 24
1024 0
41 34
210 71
366 97
971 15
1024 0
590 43
102 74
52 42
59 44
1024 0
31 33
1024 0
356 97
282 82
241 107
249 94
950 20
33 34
1016 3
71 63
438 92
32 35
584 20
172 76
1024 0
1024 0
1024 0
105 77
1024 0
303 102
141 46
423 67
458 81
319 109
530 61
857 40
964 17
816 3
338 17
23 35
393 76
1024 0
44 38
949 23
114 73
274 71
564 67
1024 0
412 74
47 33
796 41
807 32
1004 8
894 31
1022 1
1024 0
878 19
1001 8
869 27
1024 0
162 66
959 20
115 73
21 37
1012 3
1024 0
1024 0
992 8
1024 0
514 82
114 87
529 82
384 87
1024 0
252 93
528 63
317 92
790 35
114 78
1024 0
452 79
154 64
1024 0
887 35
1024 0
507 97
1010 6
986 9
1024 0
99 71
28 29
988 13
1024 0
1024 0
453 52
1024 0
192 64
81 50
92 88
68 68
996 7
607 82
100 72
17 40
1024 0
1024 0
52 42
37 36
1024 0
52 47
1024 0
856 40
995 9
509 74
286 99
227 77
902 35
768 1
357 77
1024 0
1024 0
373 50
228 80
1024 0
260 39
1024 0
25 32
1000 2
1024 0
923 23
282 82
791 56
155 73
37 37
495 29
1024 0
1024 0
1024 0
655 79
656 31
520 71
1021 2
819 47
1016 3
220 79
1024 0
1008 4
1024 0
1009 3
93 41
977 14
1018 2
672 56
949 26
959 15
103 81
38 34
1024 0
55 55
84 44
1024 0
258 58
130 73
125 77
1024 0
263 96
1017 3
147 62
922 15
1024 0
523 37
1024 0
100 87
793 60
64 56
1024 0
152 70
155 62
1013 3
1024 0
254 101
219 57
1024 0
542 80
66 50
1024 0
1024 0
110 80
930 20
39 36
269 103
1024 0
928 2
1024 0
1010 5
104 68
26 35
1024 0
984 8
834 37
122 63
1024 0
13 44
1024 0
1024 0
388 86
78 85
604 96
909 22
1024 0
1024 0
1024 0
1002 6
1024 0
69 62
193 50
448 70
637 19
708 58
819 49
68 71
36 29
1024 0
387 82
48 41
1024 0
964 15
1024 0
250 77
154 45
34 35
1024 0
1024 0
363 97
1013 5
129 73
256 106
1024 0
790 32
1024 0
1000 2
1024 0
1024 0
140 69
1024 0
100 46
57 34
672 18
129 77
154 64
96 21
1024 0
983 7
442 35
110 79
189 64
1024 0
419 78
1024 0
72 54
1024 0
1022 1
911 31
282 95
321 52
572 89
344 96
328 100
215 81
1024 0
895 13
194 67
826 30
1020 1
1024 0
677 69
43 40
84 88
703 68
495 85
223 71
943 19
314 90
1024 0
339 23
903 28
740 55
316 71
135 74
1024 0
893 27
433 88
119 65
1024 0
933 21
839 41
1024 0
1024 0
344 30
28 33
714 43
145 73
147 75
479 84
999 8
41 39
239 99
1005 4
880 7
41 34
168 69
1012 8
728 63
323 96
413 86
1024 0
92 83
1024 0
22 35
27 32
916 29
1000 6
58 41
121 75
1024 0
36 36
1024 0
476 62
1024 0
314 72
1024 0
299 98
175 70
281 95
1024 0
1024 0
336 106
1024 0
844 30
1024 0
1024 0
930 12
986 7
186 77
444 91
1024 0
1024 0
883 27
1024 0
1024 0
1024 0
1024 0
37 37
196 58
209 100
156 68
773 45
1024 0
771 53
47 48
912 26
399 90
941 23
616 83
1024 0
384 85
33 32
130 71
1005 4
766 19
1024 0
1024 0
1022 1
123 74
1024 0
31 37
152 60
382 91
1023 1
1024 0
146 72
1024 0
47 30
900 29
451 77
500 64
760 52
60 49
1024 0
1024 0
413 82
745 62
1024 0
1024 0
995 8
298 96
678 76
88 51
182 63
929 24
3 9
1024 0
1024 0
463 86
1024 0
594 59
1024 0
438 91
451 76
1024 0
1024 0
81 60
260 76
32 33
1016 4
26 34
610 89
1000 7
1024 0
1020 1
1024 0
1024 0
195 68
40 36
83 71
130 75
750 53
101 81
633 84
25 35
1024 0
1024 0
800 48
972 14
383 45
1024 0
1024 0
853 38
368 89
252 101
755 58
15 42
1024 0
1024 0
985 11
572 84
640 61
973 8
1024 0
1024 0
75 62
1024 0
1024 0
1008 4
914 29
1024 0
1021 2
1024 0
799 51
212 77
697 63
31 35
45 31
1022 1
626 70
115 69
236 100
190 73
232 99
49 39
359 93
394 92
1008 6
213 73
755 44
1024 0
837 42
387 74
244 91
132 66
1019 2
55 37
1024 0
241 60
1024 0
1024 0
260 96
1024 0
182 72
289 76
1004 7
487 75
1024 0
1024 0
1013 4
796 10
925 30
1019 2
56 59
1024 0
1024 0
285 69
1008 1
844 49
1020 1
532 94
1024 0
959 19
1024 0
22 40
176 77
455 80
283 100
1024 0
1009 6
1024 0
468 92
175 67
536 92
1024 0
998 5
1024 0
295 61
1024 0
779 54
651 68
44 37
957 17
387 96
987 14
93 57
885 19
1019 2
1024 0
115 81
958 12
259 60
1024 0
33 35
1024 0
34 34
768 1
362 93
76 58
1024 0
1024 0
314 101
230 71
1024 0
1024 0
78 65
54 45
826 43
993 7
1024 0
643 81
1024 0
1024 0
92 82
99 64
229 72
158 75
653 64
943 21
1024 0
503 21
145 71
1024 0
375 92
1024 0
39 33
54 45
495 66
137 68
529 77
111 82
1024 0
1024 0
478 68
64 53
1018 2
47 37
1013 5
178 71
276 114
1024 0
85 85
1022 1
944 3
1015 4
1024 0
36 36
871 40
108 81
111 72
233 85
86 47
663 64
124 74
244 90
1024 0
1024 0
81 80
142 72
114 82
1024 0
1024 0
1024 0
750 40
949 19
1024 0
998 8
180 71
1024 0
1024 0
1024 0
310 101
1024 0
1024 0
481 77
116 79
1019 2
1005 8
29 34
620 79
606 88
1024 0
714 63
998 7
763 50
26 36
1024 0
369 43
965 18
1024 0
1024 0
595 59
385 93
145 69
949 23
22 38
153 69
22 36
768 1
999 8
1024 0
1021 2
94 92
1024 0
1024 0
628 58
184 80
932 25
629 89
1024 0
163 69
57 43
331 42
1024 0
526 49
24 32
523 79
691 63
408 87
957 20
1016 1
679 72
113 69
1024 0
787 51
237 84
65 54
59 48
1022 1
1024 0
17 41
909 32
1024 0
964 22
1024 0
363 91
768 1
66 60
689 50
3 9
275 76
445 73
1024 0
554 95
832 2
1024 0
985 13
754 67
217 78
1024 0
144 71
655 66
999 5
1024 0
27 36
95 61
325 94
72 56
338 97
504 93
487 28
587 81
1024 0
1024 0
125 79
758 58
936 23
663 20
137 69
496 89
382 95
453 78
1024 0
1024 0
1024 0
25 38
245 116
110 73
525 71
1024 0
36 35
1024 0
1024 0
350 78
800 42
45 39
52 55
1024 0
147 72
761 25
1024 0
372 94
1024 0
535 77
1024 0
62 65
1024 0
335 91
1024 0
1024 0
251 108
1024 0
935 18
710 62
568 70
612 18
118 60
1024 0
863 39
326 77
836 19
154 68
1024 0
76 86
314 75
965 7
1024 0
439 85
1024 0
12 45
36 32
1024 0
141 63
188 75
109 68
1024 0
1024 0
1024 0
1024 0
648 55
388 93
850 30
66 60
372 93
239 81
326 97
99 91
145 69
148 76
740 61
1024 0
968 15
1001 9
981 12
32 34
1024 0
1024 0
137 68
165 76
449 80
1024 0
224 82
199 76
1017 3
395 45
990 7
633 75
861 40
60 9
1024 0
319 97
851 43
1024 0
133 74
985 10
1020 1
150 74
1024 0
1024 0
314 112
179 40
983 7
330 95
56 37
757 53
790 58
924 26
872 26
758 54
90 87
1024 0
1024 0
1024 0
1024 0
1024 0
322 93
126 78
907 30
1022 1
1024 0
1014 4
1024 0
442 94
1024 0
1024 0
26 35
510 83
739 50
67 62
686 68
1024 0
1024 0
245 97
578 68
331 103
342 72
1003 8
699 69
42 39
465 91
217 83
275 65
1009 4
373 70
441 81
273 94
1005 5
32 37
919 34
336 23
591 85
836 32
920 3
283 96
134 74
467 54
758 60
25 34
1024 0
1024 0
55 34
492 96
1024 0
1024 0
1024 0
549 78
1024 0
197 64
155 70
60 46
1024 0
17 35
1007 6
315 106
1024 0
952 4
35 33
1024 0
1024 0
481 85
301 98
1024 0
19 39
97 78
646 72
1024 0
793 51
224 77
767 36
62 49
1024 0
430 80
476 73
909 31
1024 0
116 77
344 90
192 79
455 82
30 32
889 33
812 29
565 81
1024 0
1024 0
18 39
83 69
1024 0
544 87
309 106
676 61
939 25
155 70
336 86
74 87
288 79
965 13
236 84
1024 0
398 50
23 38
48 41
17 40
1024 0
36 31
207 69
161 65
99 55
917 20
59 63
679 73
1024 0
1024 0
1024 0
19 40
480 53
1024 0
100 56
1016 4
203 91
1024 0
670 60
1024 0
1024 0
357 82
14 43
287 110
1024 0
1024 0
1024 0
181 71
1024 0
25 37
116 77
964 18
680 74
1024 0
1024 0
340 98
234 96
946 24
1024 0
599 86
540 98
361 87
1019 2
1018 2
391 46
1005 6
396 87
1024 0
914 29
1024 0
962 16
697 69
309 95
992 9
1024 0
1024 0
186 68
1024 0
1024 0
76 56
1024 0
772 44
842 38
1024 0
147 68
1024 0
415 87
1024 0
1024 0
933 14
1024 0
951 13
115 76
768 1
852 41
1024 0
1015 4
159 62
109 81
152 64
122 73
90 78
387 95
126 74
1024 0
543 106
114 78
1012 2
186 79
1015 4
1000 10
493 16
1024 0
976 2
470 74
103 50
21 39
114 76
46 37
66 42
1024 0
415 95
1006 8
1024 0
303 88
772 63
255 104
130 72
1024 0
218 86
868 41
1024 0
627 49
49 44
553 69
79 32
1024 0
108 74
22 37
722 72
754 57
96 69
1024 0
639 71
800 59
90 91
283 99
281 114
16 42
1024 0
764 59
948 16
90 87
58 37
316 93
109 82
935 16
482 81
993 13
944 7
27 31
71 67
1024 0
1012 6
207 77
1024 0
1024 0
745 42
726 61
34 33
29 35
223 106
63 37
1021 2
272 106
1024 0
861 49
873 44
249 77
232 114
1005 5
742 54
170 68
588 17
449 82
18 28
1024 0
773 42
1024 0
1024 0
1024 0
964 19
29 31
796 7
36 39
343 100
1024 0
1024 0
26 35
876 35
48 39
145 69
1016 1
1024 0
275 108
1024 0
28 36
1024 0
1024 0
86 69
1024 0
1024 0
1018 2
223 80
98 80
1024 0
75 52
128 66
81 34
360 88
1004 5
1024 0
233 75
791 57
152 68
155 70
832 45
508 85
150 72
1024 0
373 91
608 40
353 100
1022 1
993 7
42 34
1020 1
925 25
29 20
750 54
973 14
380 50
555 99
1024 0
865 26
916 10
1024 0
385 58
481 79
38 34
422 69
742 60
1012 6
896 1
653 80
15 35
15 42
291 106
1024 0
376 5
1024 0
27 29
1024 0
1024 0
380 91
987 9
921 29
1024 0
940 25
464 81
2 10
1024 0
836 38
1023 1
1024 0
1023 1
1013 5
1024 0
1024 0
212 75
454 34
491 62
885 16
655 63
27 34
534 67
1024 0
272 111
1024 0
896 1
17 40
1024 0
1024 0
533 95
325 107
1024 0
347 71
103 51
833 41
1024 0
1014 2
1018 2
625 71
1024 0
880 24
1024 0
985 5
637 73
366 87
1024 0
124 69
275 105
1024 0
954 18
1024 0
1024 0
1024 0
170 73
700 64
882 32
511 83
45 36
69 63
57 55
1011 5
988 8
175 65
1018 2
256 52
729 58
618 84
282 99
1024 0
339 104
935 17
232 80
566 55
1024 0
26 35
1024 0
154 67
1024 0
1024 0
592 84
1024 0
1024 0
768 1
302 85
61 55
1024 0
127 66
233 84
1024 0
922 27
325 96
230 24
472 94
44 34
932 5
950 22
71 68
298 106
559 52
612 65
1024 0
127 80
1024 0
386 89
928 2
1024 0
79 43
1024 0
1024 0
185 73
730 61
408 93
49 35
80 78
756 51
1022 1
976 14
257 77
253 98
821 36
935 24
956 20
334 42
227 53
56 56
447 69
320 83
754 43
816 51
1024 0
852 33
50 40
268 77
80 75
261 90
255 89
202 74
1024 0
951 9
70 65
1024 0
891 31
67 59
985 8
918 8
434 13
119 75
1024 0
78 87
1015 4
886 31
1024 0
771 56
1024 0
808 19
326 93
446 84
104 69
1024 0
1024 0
1024 0
183 68
600 81
292 113
1020 1
377 83
1024 0
796 38
28 33
738 60
51 34
52 36
916 25
131 70
1024 0
526 21
67 66
46 36
194 58
1024 0
1024 0
1024 0
1024 0
470 75
948 24
1024 0
270 68
1024 0
903 28
1024 0
411 85
1022 1
764 54
795 52
976 2
1024 0
1024 0
1023 1
1024 0
648 68
421 37
105 67
767 59
1014 3
109 60
104 75
1024 0
866 40
491 84
885 37
631 75
832 34
50 38
961 14
1024 0
865 40
315 111
870 28
767 54
51 46
1024 0
608 91
1024 0
1024 0
1024 0
985 8
1024 0
28 35
887 35
1021 2
555 75
198 79
1015 2
619 71
1024 0
341 83
542 80
918 33
1024 0
1024 0
110 59
72 74
175 68
1024 0
1024 0
1024 0
473 56
102 80
914 34
1008 1
179 73
123 76
276 98
982 7
83 96
1024 0
21 38
862 36
852 17
1004 4
1024 0
89 88
72 31
833 44
898 33
1024 0
949 19
692 8
23 36
1013 4
1024 0
1024 0
513 54
532 84
327 111
243 32
245 79
1024 0
930 11
312 9
970 19
158 67
876 42
1024 0
41 40
17 41
952 22
858 47
64 63
1024 0
1000 7
23 31
1024 0
48 34
913 27
194 73
1022 1
1024 0
52 41
705 24
77 54
194 82
1024 0
1024 0
126 74
309 85
840 4
1024 0
1017 3
689 36
770 56
1024 0
1024 0
291 97
1010 3
1022 1
1019 2
135 47
597 21
1024 0
32 32
75 85
1024 0
1024 0
40 16
972 13
131 73
1024 0
47 41
665 78
72 32
1024 0
96 92
133 74
1024 0
1024 0
1024 0
412 66
1024 0
495 51
674 77
76 77
326 101
672 44
1024 0
987 13
260 59
1024 0
586 83
1024 0
16 42
942 19
712 47
1003 10
645 77
70 42
50 39
1024 0
1024 0
39 40
1024 0
38 34
1024 0
1024 0
67 76
77 68
25 35
1024 0
325 59
785 52
1024 0
16 34
32 33
1024 0
76 58
26 35
271 46
586 48
432 63
2 10
1024 0
716 57
442 80
507 87
988 4
1024 0
383 82
1000 2
60 46
1024 0
1024 0
251 79
982 10
765 26
1010 6
149 71
135 74
531 94
148 71
238 92
767 56
1024 0
13 44
448 68
550 83
18 39
954 19
499 78
1024 0
376 98
537 77
56 37
365 93
1024 0
918 15
1024 0
335 82
709 64
89 76
1024 0
1024 0
155 58
469 88
84 62
173 68
1024 0
1024 0
860 5
547 89
461 73
565 86
123 72
1024 0
936 14
777 47
205 88
749 51
658 76
144 65
132 75
1024 0
1024 0
33 19
232 82
106 82
103 83
1024 0
966 17
1024 0
1024 0
41 35
979 13
992 8
659 47
656 75
589 90
248 108
1024 0
780 48
1018 2
267 118
912 6
635 64
672 67
1024 0
271 115
336 92
847 45
1002 7
898 21
841 45
1024 0
291 99
657 75
188 83
1024 0
831 42
1024 0
1024 0
768 3
244 101
51 34
853 31
1024 0
771 51
1024 0
490 60
38 35
1024 0
302 89
994 4
18 26
953 16
939 19
1024 0
1024 0
2 10
295 105
588 85
918 9
1024 0
137 67
511 67
1017 3
954 14
1024 0
979 14
993 10
981 15
1024 0
1024 0
146 72
101 77
1024 0
40 37
103 50
54 48
969 16
1024 0
358 95
22 39
1017 3
380 90
397 88
1024 0
13 44
876 32
1024 0
144 65
151 61
463 35
1024 0
20 38
1014 2
535 61
630 83
1024 0
30 35
22 35
455 83
98 69
133 71
948 16
489 80
690 55
1021 2
303 84
1024 0
335 86
1024 0
1024 0
651 81
1024 0
1024 0
276 85
239 76
1024 0
1024 0
1024 0
452 100
149 69
234 40
656 3
527 74
740 61
1024 0
109 55
1015 4
505 93
1024 0
1024 0
137 71
457 78
640 55
357 91
933 24
1014 4
844 16
939 24
331 80
976 16
306 78
634 78
1024 0
150 63
19 39
1024 0
1024 0
214 89
468 77
1024 0
1017 3
138 77
560 30
61 59
102 30
482 63
110 85
105 87
1024 0
854 38
207 88
557 77
90 69
244 46
1024 0
949 15
122 77
850 39
954 2
1024 0
932 6
592 80
70 37
42 34
123 71
40 35
1024 0
641 76
548 64
1017 2
44 38
85 79
685 30
1024 0
111 79
392 65
974 5
622 88
950 14
247 88
1024 0
526 71
27 36
1024 0
191 86
1024 0
164 37
1024 0
1024 0
316 105
669 75
768 2
87 33
444 92
926 25
991 8
57 63
1024 0
1024 0
963 21
335 51
1024 0
19 38
40 38
1024 0
1024 0
619 83
1024 0
77 64
904 18
697 30
1024 0
1020 1
1024 0
1008 1
988 8
1001 6
1024 0
1024 0
970 11
1024 0
318 90
551 82
13 44
966 14
1024 0
79 57
203 90
1024 0
134 76
1024 0
975 12
1024 0
50 36
352 61
820 51
1024 0
40 32
967 19
1024 0
896 1
1008 3
42 36
216 58
468 75
136 74
902 31
992 4
203 70
178 65
310 29
386 94
858 30
1021 2
258 100
20 38
754 47
805 44
1024 0
845 43
244 21
508 59
930 19
92 85
15 42
219 52
361 98
76 50
77 40
275 95
1024 0
41 36
1024 0
108 86
158 71
270 120
1010 7
1021 2
582 47
1024 0
90 76
1024 0
77 67
980 3
1024 0
622 68
1024 0
682 14
360 94
171 74
311 29
715 40
1024 0
866 37
980 11
95 63
3 10
596 87
1024 0
1024 0
160 47
770 28
1024 0
249 96
1024 0
1024 0
52 40
1024 0
1024 0
83 38
1024 0
1017 3
970 14
397 42
385 73
357 83
805 48
479 78
40 39
468 32
1024 0
990 9
791 44
389 83
884 18
119 35
603 91
36 33
168 74
1024 0
103 62
85 53
970 10
272 17
1013 3
249 86
989 14
777 36
379 92
1024 0
716 72
1014 2
107 76
53 42
852 30
77 85
840 41
374 95
544 71
1024 0
690 73
209 83
890 26
234 86
81 94
114 73
988 10
310 96
15 42
953 12
732 56
1024 0
24 35
585 67
1024 0
186 73
290 107
1024 0
185 51
1024 0
890 21
32 31
189 66
916 34
353 71
66 35
278 112
1024 0
593 87
489 17
362 98
121 68
1017 3
1024 0
1019 2
47 29
27 35
78 56
1024 0
1024 0
64 58
719 68
1024 0
611 75
1024 0
17 40
1024 0
717 43
1024 0
951 22
677 63
518 77
836 33
1024 0
1024 0
1023 1
371 85
51 51
1024 0
732 57
1024 0
934 22
811 46
138 74
711 51
1024 0
257 112
1024 0
378 73
1024 0
1024 0
229 70
505 94
43 37
1024 0
997 9
262 85
733 43
1024 0
700 65
1024 0
649 81
1014 5
1024 0
49 36
37 34
92 75
880 37
1024 0
961 11
412 83
980 11
55 61
578 53
98 84
646 68
1024 0
333 87
982 15
1024 0
1024 0
78 64
553 88
722 37
804 54
877 14
34 26
683 65
159 71
249 65
174 74
1024 0
1024 0
23 35
816 60
231 51
844 31
382 96
252 110
794 51
1024 0
1018 2
15 35
896 1
1024 0
1024 0
1013 4
302 77
127 68
597 86
386 99
1024 0
1024 0
95 53
1024 0
49 45
1024 0
538 62
570 34
142 64
363 36
768 1
1013 5
1024 0
1024 0
29 34
1024 0
1024 0
457 22
58 58
126 76
1003 8
73 70
936 7
1024 0
821 33
62 61
1024 0
1024 0
79 47
1024 0
605 93
22 36
74 32
750 49
1024 0
1024 0
1024 0
975 8
368 97
1017 3
1024 0
1024 0
18 39
1020 1
27 35
1024 0
924 16
36 36
68 65
1024 0
666 73
833 46
122 79
1024 0
784 59
1009 4
715 60
286 74
1024 0
463 83
824 41
1024 0
875 34
1024 0
267 70
736 35
772 51
46 35
15 42
177 73
1024 0
62 54
421 92
232 67
1024 0
98 71
369 43
1024 0
897 36
1024 0
43 44
146 64
862 42
1024 0
51 44
192 81
21 37
1024 0
184 70
123 75
1024 0
658 42
350 102
78 81
373 88
15 43
990 7
73 81
1024 0
1024 0
768 1
81 57
98 51
851 45
23 37
1024 0
317 95
314 103
1024 0
1020 1
110 83
766 55
1024 0
989 8
1024 0
1024 0
793 34
1024 0
1024 0
1024 0
986 13
618 35
39 36
76 44
123 76
1024 0
1024 0
369 84
1024 0
824 4
339 51
1024 0
14 43
508 97
564 81
27 34
897 26
34 37
122 73
1024 0
1024 0
1024 0
321 92
1024 0
988 9
25 36
148 67
454 85
296 74
721 53
244 90
1024 0
948 23
1024 0
656 66
1024 0
1024 0
490 17
23 36
200 5
426 79
1024 0
136 71
146 64
114 33
135 68
884 14
1024 0
1016 3
401 91
559 40
233 17
306 105
134 72
907 29
553 72
102 82
24 35
1024 0
1024 0
514 85
74 63
1024 0
1024 0
262 84
957 18
40 34
119 33
941 21
150 67
627 91
826 47
101 84
1024 0
890 27
491 46
1024 0
139 67
71 48
728 43
193 61
1012 5
916 22
25 34
544 66
1013 5
767 59
1008 3
68 77
117 79
165 65
992 1
1024 0
102 58
142 56
1024 0
3 9
211 73
393 89
47 39
1024 0
787 24
26 35
94 72
85 33
207 68
1024 0
175 67
191 72
846 39
982 11
542 17
530 83
1024 0
866 34
1024 0
200 78
204 90
84 8
1024 0
125 80
907 32
766 52
768 1
870 9
77 40
1024 0
1024 0
313 76
972 5
1024 0
533 73
28 33
1024 0
1024 0
1024 0
51 57
124 72
1024 0
1024 0
321 97
229 72
73 79
875 6
837 41
1024 0
1024 0
1024 0
1024 0
317 109
404 91
519 72
1010 3
1024 0
20 38
601 60
884 23
1024 0
898 33
1024 0
929 27
53 49
1024 0
1024 0
37 35
245 90
1018 2
220 62
519 88
576 89
899 36
16 41
2 10
685 29
25 34
114 74
978 9
330 106
148 72
278 69
1024 0
586 98
990 4
150 68
360 90
1024 0
694 71
53 42
1010 5
30 33
1024 0
818 51
161 64
1024 0
858 15
39 31
1024 0
377 72
768 1
39 35
600 70
701 67
1024 0
45 43
1024 0
1024 0
307 86
1024 0
1024 0
1024 0
234 90
82 79
1024 0
85 84
986 18
65 50
1024 0
1024 0
1024 0
1024 0
534 103
109 78
168 74
1024 0
887 21
720 59
24 39
102 71
674 65
631 78
1024 0
834 43
69 40
1024 0
565 95
935 23
1024 0
1024 0
977 16
37 34
1024 0
933 24
62 57
1024 0
979 16
1024 0
930 23
1024 0
295 105
657 79
941 30
33 35
987 6
1024 0
94 84
632 77
1024 0
990 14
1008 3
1024 0
178 72
1024 0
1021 2
1024 0
1024 0
886 39
275 81
614 71
412 79
267 75
41 34
1011 6
128 73
801 57
809 35
1013 5
1012 2
165 78
478 68
1024 0
132 68
94 83
768 1
480 79
767 56
609 74
928 19
262 81
344 85
610 58
690 66
1005 5
1024 0
1020 3
1024 0
323 94
140 67
1024 0
56 52
1024 0
1024 0
960 1
3 9
1024 0
1024 0
93 18
717 71
767 54
120 74
630 11
222 76
1024 0
318 85
293 90
553 66
1024 0
196 73
203 79
1024 0
444 57
349 97
828 22
1024 0
107 72
79 75
295 69
127 69
237 73
243 117
123 59
1024 0
794 41
1024 0
528 72
670 63
1024 0
407 82
67 39
719 59
678 28
366 93
408 81
1024 0
120 77
384 95
171 65
90 67
66 39
135 71
1024 0
124 19
1024 0
1024 0
77 47
1024 0
1024 0
442 79
935 20
1024 0
753 48
1024 0
1024 0
246 82
1024 0
148 70
1009 4
923 18
1024 0
905 35
605 76
108 54
40 39
996 8
103 84
1019 2
88 99
148 62
1008 7
1020 3
1024 0
941 9
998 9
1024 0
354 94
964 14
50 32
60 50
1024 0
933 27
871 34
809 26
1024 0
444 93
230 72
49 34
47 41
2 10
1024 0
1024 0
1024 0
1024 0
928 2
1024 0
1003 8
1024 0
365 48
291 108
692 67
240 83
964 17
801 50
1024 0
247 106
1024 0
45 33
26 30
1024 0
358 93
399 90
1024 0
494 79
1020 1
954 18
70 74
45 37
124 76
525 88
17 41
987 14
1024 0
1024 0
96 78
1024 0
1024 0
296 88
778 26
1024 0
1024 0
1024 0
1024 0
1024 0
24 34
890 34
804 46
1024 0
52 33
1024 0
554 36
202 67
152 68
1024 0
1004 6
376 95
207 64
1024 0
922 26
204 69
1007 5
369 10
25 37
1024 0
393 94
236 30
1024 0
1024 0
1024 0
410 78
1024 0
257 84
21 36
1024 0
66 65
227 63
1022 1
856 26
36 34
685 59
563 76
1024 0
74 66
1024 0
14 43
968 4
1024 0
345 20
118 73
361 87
1009 4
572 80
1024 0
68 56
231 98
206 50
43 38
85 72
93 69
1008 7
129 58
1004 7
1024 0
939 11
927 17
1024 0
655 49
87 48
889 25
1024 0
843 42
48 33
25 33
16 42
36 32
1024 0
320 91
1024 0
554 11
762 51
111 69
710 67
768 1
1024 0
57 47
1024 0
1024 0
134 76
237 76
17 42
322 97
348 99
1024 0
30 36
691 59
1024 0
1024 0
651 78
1024 0
141 21
983 10
1020 1
1024 0
936 23
87 68
1018 4
977 14
216 38
875 30
1024 0
498 91
1024 0
257 102
765 29
1024 0
1000 7
478 68
1024 0
536 78
144 67
1024 0
336 93
520 85
516 83
1024 0
998 4
60 45
768 1
61 51
1024 0
1024 0
32 34
1024 0
309 75
1021 2
802 49
1024 0
1024 0
582 39
1024 0
47 42
234 84
39 33
1024 0
631 42
181 75
861 16
680 71
159 61
98 80
19 41
1023 1
412 75
249 97
968 3
368 91
916 27
104 75
373 94
76 60
1024 0
991 12
43 40
42 38
138 72
38 32
71 40
450 83
414 80
782 18
938 20
40 34
1024 0
14 43
1024 0
333 80
1024 0
57 63
65 63
1024 0
1024 0
245 98
940 21
79 78
968 21
1024 0
543 56
618 83
604 81
116 75
1024 0
1024 0
1024 0
1024 0
47 42
262 110
1024 0
997 9
1024 0
1012 4
204 88
390 66
1024 0
1024 0
468 32
531 81
757 26
227 97
49 38
65 56
1024 0
1024 0
664 76
1012 3
390 85
631 53
671 52
1010 7
904 7
1024 0
1024 0
250 89
1024 0
302 71
41 40
203 91
1015 2
1024 0
1024 0
1024 0
542 90
966 17
1024 0
31 36
864 46
210 73
1012 3
1024 0
101 73
1009 4
1024 0
1024 0
1024 0
121 73
506 58
78 58
898 11
120 71
1024 0
141 63
1024 0
58 46
268 104
420 90
888 40
280 82
49 47
15 35
369 97
985 10
190 66
65 65
296 46
42 37
392 89
1024 0
1024 0
34 34
37 34
16 33
1024 0
962 19
48 36
1024 0
1024 0
118 75
512 74
332 92
497 75
22 35
1024 0
1024 0
557 90
188 65
43 39
238 70
520 75
541 78
108 62
1018 2
21 38
75 67
1024 0
45 33
976 2
23 37
30 34
24 38
1024 0
1011 4
1024 0
427 79
81 51
1019 3
18 33
1024 0
1022 1
1024 0
22 37
293 123
1024 0
626 9
1024 0
1024 0
1024 0
469 85
1024 0
144 71
642 74
115 79
871 40
205 58
28 36
210 71
40 34
315 102
525 59
1024 0
103 76
1024 0
103 71
952 22
295 95
1024 0
1014 4
92 78
625 86
841 48
939 20
1024 0
1024 0
942 21
1024 0
21 38
945 23
1024 0
89 58
109 82
1011 6
727 54
161 69
1024 0
1018 2
371 91
499 77
70 45
980 14
1020 1
338 79
1022 1
1024 0
111 68
1024 0
1021 2
93 51
1024 0
1024 0
376 98
217 88
430 89
965 17
921 19
1024 0
634 65
1024 0
1024 0
370 95
138 66
72 30
201 76
291 94
233 82
1024 0
437 78
865 28
1024 0
1024 0
1024 0
49 38
1016 2
48 33
1024 0
52 40
1024 0
905 32
1024 0
103 87
1024 0
967 13
264 93
672 5
87 84
322 75
1024 0
162 67
994 4
607 61
1024 0
1024 0
714 60
316 95
144 69
1004 5
1024 0
1016 1
14 43
1024 0
989 10
915 23
906 14
660 70
1024 0
1024 0
1024 0
147 71
1024 0
273 95
1024 0
1024 0
770 28
284 100
768 1
89 69
121 70
659 54
918 32
1024 0
999 8
309 91
214 96
237 99
1024 0
1024 0
1024 0
98 87
1024 0
23 36
125 76
326 102
79 81
893 26
900 23
94 12
57 34
935 31
459 71
532 81
1024 0
1006 4
1024 0
1024 0
1024 0
1024 0
713 30
16 42
135 73
406 87
1024 0
240 68
1024 0
1024 0
1024 0
1024 0
100 80
1023 1
1024 0
716 7
123 62
18 40
1024 0
1024 0
826 44
984 6
911 28
476 57
34 35
34 33
1024 0
143 66
992 8
208 69
640 1
1023 1
1024 0
44 31
359 99
729 56
1024 0
1024 0
1024 0
896 1
1024 0
685 73
1021 2
79 75
57 39
373 83
1024 0
154 73
485 88
493 85
101 63
1016 1
756 61
217 91
60 48
111 70
79 67
1016 2
318 109
939 29
344 90
896 30
951 27
944 16
801 54
86 82
1024 0
358 93
378 89
1024 0
928 27
453 31
33 33
484 85
1024 0
1024 0
594 21
30 34
820 51
1012 3
497 49
1024 0
299 73
286 113
408 85
659 33
1024 0
579 86
125 75
310 43
753 42
23 38
1018 2
58 55
119 79
160 65
677 69
977 5
969 12
1024 0
292 107
1019 2
656 77
523 90
52 40
157 71
14 35
201 73
274 95
43 33
240 124
54 44
1024 0
90 77
1024 0
1012 2
990 12
1018 2
896 36
996 3
222 83
613 87
120 64
1024 0
32 35
1024 0
104 41
1024 0
992 1
34 31
891 26
1024 0
541 55
1024 0
1024 0
392 87
321 93
223 89
1024 0
295 82
454 70
44 36
49 31
1024 0
1024 0
836 40
260 82
20 37
1024 0
562 92
1008 6
1024 0
1024 0
1024 0
1024 0
1024 0
1024 0
1024 0
125 72
1024 0
207 85
48 33
352 61
726 74
65 58
990 11
1022 1
87 33
1006 4
668 64
1024 0
411 84
175 72
1024 0
817 39
878 39
36 34
931 14
994 8
1024 0
656 46
843 36
991 12
1024 0
996 10
640 2
1024 0
1008 1
224 81
1020 1
434 79
136 69
30 32
802 50
90 52
17 41
1024 0
1018 2
26 34
1024 0
152 73
1024 0
509 82
1024 0
280 80
1024 0
1024 0
500 78
980 13
145 63
412 89
848 30
399 75
16 41
1021 2
858 35
398 87
385 89
1024 0
1024 0
1024 0
473 80
202 60
125 39
153 72
1024 0
208 68
813 44
62 40
1024 0
453 38
781 39
988 2
1024 0
636 80
1024 0
411 84
318 75
128 74
1024 0
963 13
519 10
684 21
40 33
1019 2
72 39
1024 0
960 8
1014 5
413 86
356 102
921 32
995 8
515 86
29 34
241 89
1024 0
181 71
1024 0
1017 4
23 36
1024 0
163 45
1024 0
43 34
304 13
232 89
990 13
180 40
49 50
1024 0
864 37
63 88
630 62
1024 0
1024 0
416 89
439 97
45 33
1024 0
52 29
370 87
15 35
109 68
61 36
473 83
1024 0
432 75
225 84
363 92
592 4
375 88
869 23
1024 0
1024 0
798 56
54 35
112 73
53 43
1024 0
413 78
839 45
332 103
1024 0
119 74
2 10
100 73
139 71
1018 2
198 74
381 84
659 54
169 78
1024 0
260 60
373 98
954 17
120 62
191 66
1024 0
247 97
1018 3
551 58
26 20
760 7
1022 1
941 25
68 44
555 79
747 58
33 36
964 15
1024 0
165 74
1024 0
1024 0
413 101
46 43
1024 0
39 34
209 67
437 77
1024 0
1024 0
34 34
924 19
568 80
1024 0
1024 0
1024 0
37 33
1024 0
633 62
34 35
18 39
727 43
456 8
1024 0
141 70
240 96
115 76
19 38
1024 0
461 36
262 119
1016 4
968 6
1024 0
1024 0
1024 0
180 70
327 91
1024 0
26 33
1021 2
323 86
1024 0
775 54
141 71
364 58
88 63
23 36
713 49
22 37
693 63
26 32
925 24
1024 0
239 100
1024 0
1024 0
1024 0
1024 0
44 43
1024 0
393 76
250 104
210 67
97 90
1024 0
613 69
289 68
193 61
449 84
612 58
105 80
310 94
965 11
829 48
666 78
1024 0
18 39
83 84
58 47
1024 0
1024 0
1024 0
1024 0
45 35
1024 0
620 29
117 77
918 28
1024 0
129 76
1024 0
822 41
41 42
1024 0
1024 0
1024 0
357 71
237 68
871 19
1016 3
612 63
1014 2
105 75
45 34
1024 0
380 91
997 9
872 32
1024 0
72 53
1024 0
567 88
1024 0
992 7
396 83
27 34
60 60
1024 0
917 29
69 66
32 34
148 66
561 73
93 91
689 41
408 90
102 70
44 34
800 3
1024 0
940 3
830 44
534 71
76 71
1024 0
1021 2
985 6
1024 0
20 39
573 87
768 60
855 41
903 22
1019 2
47 39
760 15
141 72
192 76
114 81
1024 0
134 76
1011 4
1022 1
1024 0
359 98
1024 0
18 39
408 80
259 96
1024 0
474 84
20 37
291 52
371 84
1024 0
849 30
530 71
29 34
1024 0
206 68
1016 2
98 90
1020 2
1024 0
496 80
1003 6
108 51
1020 1
41 35
215 58
136 76
1024 0
1024 0
921 28
1024 0
402 76
1024 0
1024 0
117 75
1024 0
184 23
692 41
100 81
99 83
49 48
725 41
1024 0
22 38
141 73
83 82
405 90
795 44
947 26
1024 0
132 73
539 89
1018 3
285 111
703 63
20 33
917 34
342 11
36 30
1024 0
1022 1
14 43
761 59
149 71
1024 0
1024 0
290 109
1024 0
121 79
206 64
209 69
704 2
1008 4
842 22
1004 8
928 2
164 67
63 63
55 49
589 24
1024 0
358 95
389 89
218 78
1024 0
797 43
241 96
30 34
898 33
1024 0
1024 0
769 55
319 104
1024 0
1024 0
1015 4
702 65
95 62
507 70
1024 0
981 10
1024 0
916 29
1018 2
943 24
880 39
254 107
81 75
1024 0
964 12
972 17
1024 0
793 48
387 74
78 49
1024 0
966 14
1024 0
413 86
1024 0
938 18
94 79
993 7
32 34
270 107
62 62
932 26
798 53
865 31
544 72
659 23
724 56
118 75
680 63
920 30
957 20
1024 0
32 34
301 78
305 101
282 99
262 103
973 11
405 95
1024 0
1024 0
424 11
441 88
680 70
1021 2
173 77
1024 0
1024 0
1024 0
1024 0
507 89
503 87
113 78
81 58
75 76
156 63
291 92
1024 0
983 12
1024 0
13 44
140 72
1024 0
1024 0
870 32
431 61
1024 0
1024 0
5 9
134 74
1024 0
900 24
287 76
1008 3
1024 0
668 19
97 76
1024 0
20 38
909 17
876 38
1024 0
40 37
242 51
38 36
482 72
469 90
930 27
1024 0
1024 0
1023 1
599 89
1024 0
930 24
45 37
745 61
918 33
97 41
274 117
580 57
1024 0
1024 0
83 54
75 57
41 39
386 27
632 68
235 73
1024 0
149 72
1024 0
317 106
322 88
986 11
872 39
1024 0
1024 0
1022 1
445 82
1024 0
602 65
98 85
1012 2
89 75
973 15
312 112
455 80
192 71
1024 0
406 86
77 31
744 61
507 97
1024 0
46 38
413 87
189 86
1021 2
1024 0
1024 0
204 73
1024 0
1024 0
1024 0
1015 4
814 50
65 46
131 65
1024 0
1024 0
524 93
24 35
526 87
1024 0
332 93
1024 0
1024 0
183 70
814 49
394 78
24 38
1024 0
58 22
1024 0
795 49
155 67
104 77
80 69
1006 6
16 42
1024 0
106 73
1024 0
432 85
400 89
969 17
803 14
23 31
192 77
176 70
382 68
1024 0
696 57
656 68
502 86
620 81
1024 0
18 41
61 43
804 53
1018 2
872 40
121 54
229 47
474 88
1024 0
1024 0
36 37
250 61
22 32
55 47
48 50
52 49
81 78
858 47
45 40
145 20
295 104
240 106
24 36
1024 0
677 71
1018 2
63 47
414 86
391 49
1024 0
27 36
922 31
1024 0
585 77
131 74
1024 0
227 95
104 85
480 93
95 83
212 88
1004 8
1024 0
1024 0
943 24
581 98
1024 0
1024 0
1024 0
739 71
102 60
1024 0
199 85
125 75
394 92
41 37
119 82
1024 0
1024 0
986 12
334 72
882 6
829 36
764 49
120 69
283 112
130 71
1024 0
341 89
293 102
1024 0
1014 2
1024 0
50 29
315 86
714 62
350 86
491 86
591 87
1010 5
1024 0
562 80
1010 3
1024 0
797 32
751 52
834 34
853 31
671 66
194 73
1024 0
484 72
339 95
614 82
34 32
660 82
929 20
1024 0
955 21
127 75
961 18
786 48
1024 0
933 22
100 83
519 93
45 35
894 34
473 32
1024 0
854 45
852 54
453 34
731 57
47 26
1024 0
725 65
1024 0
1008 3
69 71
121 70
18 41
180 73
185 73
429 92
1024 0
350 91
1024 0
52 50
163 68
1024 0
861 37
13 44
898 33
954 25
67 51
1024 0
745 60
1024 0
332 101
751 40
1024 0
861 48
1024 0
217 73
227 94
1024 0
88 75
55 53
359 83
49 37
23 36
349 74
1024 0
1024 0
572 77
1024 0
743 55
1024 0
1024 0
995 10
276 75
75 38
19 38
1024 0
652 68
226 75
633 25
53 39
523 71
1011 6
1024 0
1024 0
1013 4
124 58
182 63
592 72
1024 0
780 54
23 32
144 67
918 32
1020 1
17 40
904 22
863 15
1024 0
281 109
115 13
1024 0
712 10
446 82
255 97
1004 9
53 33
662 74
732 60
1024 0
95 68
467 62
218 76
91 82
1015 4
140 70
1021 2
650 49
202 90
708 60
894 30
777 45
1024 0
256 82
1024 0
55 54
1002 8
644 54
368 93
57 48
655 67
28 37
1024 0
1024 0
1024 0
1024 0
822 39
37 39
270 5
1024 0
1024 0
827 53
1008 3
223 72
235 107
211 87
643 76
448 59
1024 0
30 30
88 81
267 104
386 84
27 35
43 46
26 36
59 38
1021 2
1024 0
985 7
94 61
565 85
97 75
77 40
423 80
214 85
1024 0
1022 1
136 71
1024 0
1022 1
121 70
468 76
1024 0
812 52
45 37
16 41
1024 0
1017 4
1024 0
278 99
161 67
507 93
335 78
1024 0
1009 5
1024 0
724 65
761 53
450 80
1017 3
666 4
219 82
24 37
1005 7
1024 0
898 34
1024 0
206 96
1024 0
1024 0
1024 0
884 34
1024 0
1024 0
31 36
60 56
1024 0
1024 0
1014 4
761 61
85 67
153 73
165 67
716 38
442 70
1018 3
842 38
370 97
669 74
960 19
831 37
326 98
1024 0
218 93
1024 0
1024 0
179 75
404 88
1024 0
1002 7
634 51
343 98
1004 2
565 76
148 78
1020 1
103 57
1024 0
824 35
236 74
1024 0
1024 0
1024 0
970 13
583 65
1024 0
79 56
1024 0
612 52
1002 6
1024 0
31 25
227 77
162 65
1023 1
1024 0
647 72
27 34
941 19
63 69
160 64
723 66
1018 2
516 80
1024 0
38 36
477 65
1024 0
872 33
229 88
190 70
74 54
1024 0
617 76
18 40
253 96
1024 0
450 8
186 62
50 40
1024 0
