586 82
79 80
120 32
1024 0
100 80
398 65
386 71
178 83
162 68
1024 0
1024 0
1024 0
660 61
451 90
442 16
863 36
174 72
132 66
131 37
872 5
94 79
1024 0
62 41
603 56
1024 0
1024 0
1024 0
1024 0
1024 0
1024 0
392 74
589 83
24 39
939 15
441 83
1024 0
1024 0
156 60
92 62
165 59
551 88
450 76
826 46
1024 0
226 59
599 26
211 70
44 29
1024 0
940 23
1024 0
30 36
941 24
1022 1
924 28
970 14
1024 0
1024 0
646 85
500 82
218 79
54 42
1024 0
377 90
112 75
1024 0
182 66
258 86
1011 4
452 89
931 25
265 90
1024 0
1024 0
118 76
49 42
1024 0
315 83
351 98
1024 0
997 5
1024 0
1024 0
1024 0
107 70
149 66
999 5
686 67
26 36
345 86
584 74
849 32
141 71
149 73
768 1
429 97
73 81
1017 4
924 32
1024 0
374 59
1024 0
51 30
371 77
1024 0
185 46
360 68
1024 0
989 5
1024 0
118 55
932 30
1024 0
1024 0
47 36
115 77
1024 0
1010 6
46 30
1024 0
1024 0
112 66
1024 0
1008 3
182 74
336 85
554 93
147 71
952 5
594 95
203 72
952 4
823 36
920 18
902 36
34 36
228 95
24 34
1024 0
1024 0
1024 0
526 78
1024 0
1002 7
1024 0
80 78
105 73
595 84
1024 0
1024 0
888 43
855 45
689 59
1015 4
1015 4
1005 8
1000 8
1013 4
109 61
164 12
1024 0
197 63
212 65
667 72
1024 0
1008 5
1024 0
258 98
367 96
179 69
1014 6
28 34
741 24
36 33
853 38
624 79
277 122
1008 6
31 34
903 38
812 48
456 87
63 42
1024 0
263 69
55 34
638 64
996 10
1024 0
1021 2
421 81
116 64
164 69
513 57
1008 1
1024 0
1024 0
1024 0
23 35
1024 0
407 70
41 27
1024 0
66 36
1024 0
22 39
1024 0
247 79
65 52
746 58
559 60
147 69
63 48
1014 4
24 29
1024 0
150 66
33 33
19 41
996 9
586 60
39 31
316 106
1024 0
230 92
1024 0
1024 0
130 74
943 17
1024 0
759 56
808 51
1024 0
149 69
194 62
1015 4
371 56
47 40
292 89
538 25
698 61
1024 0
720 68
1024 0
62 41
3 9
1012 6
158 66
1024 0
1024 0
927 32
771 48
125 77
290 84
800 41
138 73
1020 1
131 54
856 53
1005 6
975 12
395 88
544 72
828 41
1024 0
1016 3
922 26
1024 0
1024 0
1014 5
42 35
81 31
998 11
519 104
133 81
415 85
107 73
674 55
335 87
115 78
348 90
400 86
1019 3
1024 0
1024 0
1021 2
1024 0
972 11
532 83
966 15
1024 0
1023 1
474 85
1021 2
927 25
209 78
1024 0
987 10
1024 0
51 34
744 54
1024 0
992 7
1024 0
175 44
166 77
1024 0
21 32
96 75
968 17
1024 0
219 44
77 72
180 68
1007 5
1024 0
1024 0
1024 0
34 38
867 32
166 71
1010 5
1024 0
29 35
522 72
1024 0
972 18
1024 0
398 85
133 73
1024 0
949 24
53 43
581 80
266 94
1024 0
711 68
564 73
23 38
1024 0
1024 0
371 75
1024 0
774 13
397 17
111 81
998 5
42 29
964 11
1012 3
52 53
1024 0
693 46
499 80
970 15
259 110
1024 0
367 82
958 19
1024 0
450 88
1024 0
1024 0
18 39
880 37
927 24
1024 0
927 29
1024 0
1024 0
302 85
122 80
1024 0
42 31
1024 0
1024 0
467 82
142 62
481 88
1024 0
613 66
354 79
1019 2
181 72
1024 0
108 74
180 77
85 81
292 113
985 10
3 9
111 71
22 38
57 46
17 41
1007 4
592 6
997 10
1024 0
304 81
290 100
106 80
1014 5
1024 0
66 59
297 112
299 109
208 81
16 41
1024 0
402 78
755 45
1024 0
1024 0
1024 0
165 67
1024 0
681 26
36 36
1024 0
640 48
1024 0
1024 0
228 45
1024 0
299 88
859 32
1024 0
115 69
109 70
481 85
825 41
390 59
573 26
1024 0
33 34
1024 0
86 83
269 103
34 34
1024 0
1016 3
1024 0
53 49
157 71
956 18
1024 0
1024 0
920 28
35 34
1024 0
42 34
832 36
874 22
1024 0
446 82
13 44
508 86
120 77
1024 0
754 57
918 32
1024 0
565 53
32 36
1024 0
512 82
1024 0
58 36
866 40
30 34
69 96
86 80
851 45
82 73
438 90
490 78
856 38
1024 0
25 33
362 80
1024 0
486 94
74 49
1024 0
24 37
1024 0
1000 5
439 84
1024 0
392 90
1011 5
3 9
1024 0
1024 0
157 70
55 36
1024 0
387 87
598 90
1024 0
1024 0
371 84
720 59
1013 5
733 56
380 85
1024 0
1024 0
347 101
212 90
1024 0
1003 6
1024 0
824 48
34 31
1024 0
1024 0
1024 0
1024 0
1024 0
780 48
94 84
1010 4
885 39
1024 0
357 88
630 64
946 8
20 38
923 29
833 39
303 92
663 44
822 43
545 74
746 48
1008 3
1024 0
240 101
372 77
1024 0
31 35
875 33
510 78
27 33
977 11
379 97
1024 0
283 55
553 80
480 66
270 92
38 39
846 40
173 71
317 98
223 75
172 72
993 9
1024 0
1024 0
1017 3
898 33
1024 0
1024 0
1024 0
307 100
1024 0
45 49
1024 0
264 110
173 51
456 78
90 81
995 9
1014 3
544 10
324 86
1024 0
35 31
81 56
1024 0
1024 0
141 67
1024 0
129 71
421 90
971 18
18 39
992 1
109 43
73 72
35 37
1024 0
1024 0
705 57
743 58
25 33
104 77
487 87
1024 0
1024 0
473 72
119 80
985 12
291 64
1024 0
1024 0
840 13
80 65
923 22
241 108
191 76
85 100
136 40
462 79
35 33
1024 0
650 64
888 36
919 29
1024 0
1024 0
403 59
184 69
757 51
1013 5
731 57
365 92
944 23
1024 0
1024 0
1024 0
233 93
315 92
169 68
917 21
1016 3
165 66
549 100
1024 0
890 24
1024 0
1024 0
1013 4
415 84
725 27
1017 3
755 55
658 76
1024 0
946 20
1024 0
1005 6
1022 1
1024 0
1024 0
697 63
964 4
1010 6
189 78
192 76
204 87
1024 0
1024 0
1024 0
722 40
110 80
14 44
1024 0
809 33
507 85
320 101
15 43
1024 0
749 58
782 44
1024 0
98 90
107 44
996 6
456 91
109 71
1024 0
28 35
321 106
1024 0
553 83
640 2
610 76
1022 1
1010 6
770 28
1024 0
143 74
1024 0
79 46
1024 0
428 81
1024 0
423 86
130 71
1024 0
1024 0
791 46
1024 0
1024 0
243 85
1024 0
1024 0
130 71
1024 0
37 37
1024 0
1024 0
728 62
37 34
130 61
77 85
1024 0
1013 3
1019 2
250 102
880 32
671 56
950 18
1024 0
495 96
1024 0
531 82
272 95
457 93
45 35
85 83
139 72
1024 0
868 33
873 32
59 41
49 39
1015 4
213 98
1024 0
287 75
133 71
1024 0
1024 0
774 40
166 68
435 84
97 75
1024 0
176 69
267 97
1024 0
145 69
882 21
1024 0
1024 0
1024 0
30 32
777 58
1024 0
147 67
23 37
1024 0
223 76
336 4
55 49
1022 1
630 59
1024 0
1024 0
1022 1
494 113
123 72
752 71
1024 0
1024 0
148 68
436 95
544 91
1024 0
1024 0
255 89
223 72
1024 0
1018 2
1024 0
1024 0
160 66
55 51
955 19
318 102
1024 0
1024 0
220 88
202 48
399 80
149 74
236 90
1024 0
1024 0
66 63
1006 7
540 101
230 92
950 21
834 49
584 80
232 97
127 71
1024 0
667 69
1024 0
36 31
1024 0
80 52
86 64
214 83
361 86
755 62
17 40
519 80
174 76
99 91
278 76
1024 0
78 65
1024 0
57 44
307 103
79 77
349 100
960 1
73 41
33 37
1012 2
39 37
1003 6
825 50
1024 0
154 66
837 44
63 32
1024 0
290 96
880 32
1024 0
1024 0
19 40
311 63
38 40
1014 2
381 70
364 74
180 62
1018 2
1024 0
577 65
17 40
1024 0
591 79
356 86
1024 0
57 48
223 80
646 80
990 12
1024 0
871 27
883 32
1024 0
66 23
896 1
1009 5
335 97
47 42
604 89
17 40
625 79
121 79
749 41
57 33
1024 0
1024 0
1020 1
588 77
47 39
466 74
370 100
251 89
190 54
566 57
14 43
1011 5
1024 0
1024 0
1024 0
71 30
44 39
33 37
1024 0
62 74
748 51
1022 1
1024 0
1024 0
1024 0
633 76
1024 0
260 98
165 76
1024 0
45 31
62 41
36 35
56 57
486 84
48 38
1020 1
509 53
988 10
334 107
303 38
1024 0
1024 0
906 8
1007 4
221 90
1024 0
578 77
1024 0
1024 0
1024 0
223 93
396 87
894 30
240 89
705 65
1024 0
967 21
98 65
937 24
227 52
733 63
1024 0
805 23
67 73
75 64
1024 0
985 13
19 38
22 36
391 92
860 27
768 45
918 15
989 16
17 40
189 68
628 77
470 94
718 67
853 46
278 110
994 12
120 48
948 19
1024 0
1001 8
221 76
235 81
333 100
360 93
999 10
24 35
57 37
266 102
1024 0
48 37
289 94
23 36
1022 1
1024 0
1024 0
1024 0
22 38
61 57
1010 5
1024 0
882 14
1024 0
1024 0
1024 0
411 84
41 34
460 58
453 87
